14
13
10
7
21
14
19
14
22
16
15
10
13
13
9
17
18
15
12
20
15
16
20
18
10
15
14
10
11
15
20
12
12
19
11
15
19
13
15
12
14
15
13
10
8
13
10
14
9
6
11
12
19
18
14
12
17
20
20
20
11
14
13
14
10
13
11
12
12
17
13
12
11
16
20
17
9
19
15
16
12
13
7
10
18
20
21
20
14
9
6
19
15
10
19
18
7
16
19
15
9
17
15
14
15
8
15
11
11
18
13
15
19
10
7
20
13
13
9
14
16
17
12
18
21
11
17
19
17
16
18
10
17
10
17
8
13
18
13
10
12
14
10
16
18
18
18
12
7
15
16
16
11
4
14
19
16
17
16
8
18
14
27
8
17
13
20
11
25
18
10
15
17
19
12
20
18
19
8
7
23
14
17
11
10
9
11
17
17
13
17
10
10
9
19
16
18
10
13
14
12
14
15
15
18
9
13
9
13
8
15
4
10
11
10
9
17
12
16
9
12
7
15
16
20
15
11
16
16
11
23
18
8
15
5
10
3
14
18
14
6
10
17
17
13
16
23
24
15
18
4
15
11
16
12
10
12
14
6
13
19
13
19
12
10
13
17
15
17
10
15
15
16
13
15
11
18
26
7
11
13
12
5
14
18
11
11
16
10
12
14
12
18
14
7
16
22
6
19
5
20
13
14
15
18
25
15
13
13
15
14
17
13
12
19
12
20
12
21
12
10
14
4
18
10
4
12
13
17
11
14
13
10
18
10
10
15
15
14
16
15
13
13
14
21
12
7
12
11
12
12
14
18
16
5
13
13
9
11
15
16
19
17
14
11
13
14
16
12
14
20
14
18
7
17
17
10
10
19
17
24
13
18
7
6
18
10
7
17
20
7
12
1
15
17
6
19
4
17
22
9
17
14
17
19
11
13
16
15
13
19
19
17
16
18
16
15
16
21
10
12
14
14
13
16
17
18
8
8
10
12
16
15
21
14
5
10
16
20
8
21
15
18
16
18
11
9
5
10
16
14
8
7
12
18
12
12
10
22
16
19
16
12
13
13
11
8
15
5
26
17
7
15
15
16
14
8
11
11
18
14
18
16
13
16
10
7
18
17
11
15
13
7
14
13
7
23
18
12
13
13
13
14
12
8
20
11
19
13
22
12
17
12
18
21
17
11
16
12
20
19
11
14
6
8
16
9
5
15
9
6
17
14
19
6
14
15
11
15
7
13
12
10
14
22
6
17
10
10
12
9
10
15
10
11
8
12
12
14
17
16
8
20
21
12
23
11
6
24
16
16
15
20
14
11
9
14
18
15
11
16
17
22
18
14
23
21
13
12
14
18
10
15
12
12
12
10
11
15
15
23
15
13
13
8
12
23
11
13
12
9
8
10
15
17
22
10
11
19
13
14
14
10
12
15
14
15
23
15
15
28
8
13
6
18
18
19
17
13
4
9
12
15
14
15
13
14
18
9
15
17
12
15
12
16
15
7
16
15
12
9
18
12
10
18
9
9
20
5
18
17
9
11
24
20
17
3
14
20
3
10
9
14
9
15
10
21
12
11
16
18
10
11
10
18
11
14
13
8
9
19
10
13
11
13
18
12
12
12
11
14
18
21
17
14
13
14
14
18
19
7
19
22
10
20
18
15
17
15
19
13
17
17
17
5
22
14
22
14
16
14
12
11
11
8
13
13
16
20
7
9
15
15
18
12
7
15
9
20
14
9
9
20
19
11
23
18
18
10
8
16
20
12
15
8
8
16
12
16
19
15
14
14
12
10
17
11
12
13
16
7
20
16
14
10
10
11
10
19
8
12
9
20
10
21
16
16
13
11
15
13
10
16
21
10
21
11
18
17
14
8
15
7
19
12
15
9
19
10
9
11
15
16
16
16
14
2
17
26
11
12
18
19
21
7
12
20
14
12
13
9
11
10
10
16
14
11
18
20
3
13
17
8
12
11
10
7
8
20
16
13
10
10
9
12
17
15
11
9
15
21
10
11
15
18
31
19
9
10
15
17
13
14
7
18
16
23
16
18
16
18
11
11
11
21
17
9
13
11
9
9
14
8
17
12
16
17
24
12
14
19
17
7
14
15
9
16
13
18
16
12
15
15
11
14
13
15
14
9
14
20
14
28
17
17
11
12
19
9
7
5
16
15
27
4
6
7
15
7
5
15
13
16
13
11
16
12
18
17
12
17
8
13
16
22
7
14
6
15
16
20
7
15
18
20
17
16
22
10
16
10
10
18
9
17
15
23
13
15
24
20
14
11
14
22
5
14
13
13
14
12
16
13
11
18
9
14
14
11
15
13
18
18
14
10
20
22
16
10
21
8
16
8
15
9
9
15
18
19
10
7
10
8
13
1
8
14
5
11
14
18
9
12
16
11
19
18
13
15
19
11
15
14
5
12
19
14
15
14
14
21
14
13
11
13
19
17
21
10
7
9
15
16
13
14
13
15
13
12
23
14
15
15
13
10
23
9
17
10
13
17
15
14
17
14
11
7
2
17
18
8
7
13
17
18
13
14
20
16
14
15
20
16
2
10
11
14
9
11
6
19
12
10
12
14
15
17
12
14
15
19
10
10
9
14
19
17
12
28
23
19
24
8
9
15
10
15
11
22
23
8
9
21
19
9
9
12
13
18
15
9
14
13
18
17
15
8
15
18
16
16
15
12
20
14
22
10
13
20
14
18
9
20
11
16
11
19
18
15
9
6
15
5
13
22
10
9
14
12
9
18
14
12
9
10
14
23
22
11
11
16
20
9
19
4
18
10
19
18
10
9
17
14
11
16
16
8
7
19
12
21
19
20
13
14
16
8
10
15
8
12
5
11
16
14
11
16
10
11
17
13
16
13
18
10
7
11
14
14
8
13
9
9
10
8
17
13
22
16
13
11
10
15
9
11
12
15
14
35
13
10
15
15
19
16
11
13
17
10
10
10
15
11
5
12
7
13
19
11
4
17
10
16
15
13
15
12
21
19
23
11
18
27
13
8
8
13
5
21
21
24
22
7
19
5
21
14
12
13
16
16
18
8
23
16
13
17
17
12
14
12
8
16
8
14
11
12
16
19
22
15
14
18
25
12
18
15
15
17
12
10
14
6
3
7
16
17
12
4
7
17
13
14
13
10
12
13
16
12
13
15
22
17
17
11
55
13
18
6
7
16
21
11
18
13
10
31
15
10
17
13
11
17
17
6
12
12
22
8
18
10
14
13
13
9
15
14
13
9
12
17
13
6
16
18
10
10
16
10
7
15
14
6
16
15
11
17
14
7
15
13
9
10
15
15
15
9
14
18
17
8
9
9
6
9
8
17
17
7
