952481	775014
483726	417172
842332	623624
779967	513358
425351	212506
881594	422037
404748	186134
746435	345135
853587	488476
707689	314294
492016	285525
1065617	324796
500398	441750
951852	391164
948466	594364
691744	26298
466845	278690
864751	641796
490338	88187
633654	424057
486877	400428
505345	253421
560617	154991
551184	123008
741413	164295
1076510	284124
1010070	496874
1020759	536601
556677	41011
588578	330512
584800	385511
1275344	523899
472182	315914
1035433	326241
1094972	423840
464454	333437
467660	389588
539267	492133
514455	425939
549584	513989
1017332	589270
592401	23514
550388	309809
546338	316188
898916	571876
933102	44899
370403	425473
724874	13510
710395	438514
913508	266701
1109186	590012
1359250	337360
1405176	642808
895710	655713
697524	403889
1069712	501629
1336320	529851
756077	127248
650770	515691
559543	125302
870563	667841
511558	363155
449734	269866
627842	322429
405689	511218
930371	349551
583826	358404
440034	429854
659473	264372
1215549	620632
1183380	551137
856918	338713
1179521	600617
1107280	191941
951666	636446
1366898	350220
655224	320131
1225171	569082
710505	299834
565951	409343
1392002	718832
692235	15416
897773	442318
777770	18768
1035796	740276
493857	239779
665471	404318
639197	267150
882840	31513
620351	268465
536337	416427
527751	590765
1012223	366576
885686	768623
500289	228029
421846	228769
583067	484926
495290	295229
494874	417975
1056861	720442
475623	52175
694007	123397
599866	377962
683964	15394
788100	535481
370258	283662
665543	372348
422778	329969
946511	842394
544998	245930
489505	313907
455155	133942
390880	221188
954508	384300
502888	310719
836698	435179
519393	267517
593915	350167
980166	675961
961351	604270
523752	149137
885580	708655
511817	358000
972667	411224
581490	278010
807137	378092
1187207	327783
522842	218929
1120622	524599
990216	798798
541763	275402
456647	204941
811022	462847
420394	78250
691685	445597
463037	130008
481873	387223
558555	461318
1017925	507655
898778	279857
592315	85766
912535	456388
1016229	662472
681132	384502
508835	465745
1109278	599109
486955	327832
1148424	364480
500992	494519
571517	338176
1163314	471036
980967	517926
546987	339485
950000	19667
1132083	49502
1062332	342699
899559	526041
780527	676109
1147383	635724
509808	466897
840304	533132
451442	346253
925073	632108
489872	209785
1022883	437509
444212	204995
995953	554587
890354	603121
516737	277024
512940	517382
759943	599441
855525	476762
595031	433941
644447	346647
630509	374686
1192108	585616
1066998	615503
914687	385895
501157	254073
582612	334463
700838	415061
686120	480422
1080452	508149
994992	573403
620179	313925
765868	228539
637804	150781
965853	430849
511870	292376
684189	427914
766978	447398
398009	363876
843161	658350
822060	795712
1035045	294661
783701	568179
590961	419430
417433	355294
815569	646773
684683	158874
1245339	441311
523701	331408
833678	432321
1162434	524798
522431	338767
442735	186494
568638	432527
503676	367771
605302	543051
1193818	219605
480412	226278
383372	325833
890103	518182
468958	230758
396197	333894
440404	197614
420418	244453
907571	116094
275095	N/A
718401	565206
395846	265032
380608	177621
867258	512537
477973	216409
425880	262348
949581	835929
789958	421762
746166	408128
356779	311333
849470	501580
316386	140847
390890	417949
515516	73980
924982	487509
832881	728123
379661	297003
1066406	628445
391820	404968
1011999	464056
491867	303848
859388	476033
674077	396623
545205	493047
527106	223484
426413	484144
635183	323535
632394	202292
1020525	538654
1232968	745426
894058	839342
905680	540651
682771	604928
993667	448305
927458	363199
1015152	426699
146152	N/A
1096000	703729
965416	829967
1152045	71793
357920	339692
794408	734131
1582902	19682
1330157	12456
1493430	325455
902822	797103
399062	32660
1109564	737923
854644	659288
497572	480506
462162	404750
1123598	446980
617297	318559
536001	128233
990010	405400
403542	336732
992646	364286
784414	654903
1190700	456847
902237	578569
936180	243302
702120	283718
1419379	616078
1022623	499808
440709	72743
447803	374698
515349	411302
1051916	575014
431630	238196
625217	176625
832095	600182
1011381	686670
819131	582362
850333	512361
564298	329158
1071799	494388
487128	236339
739348	669896
868208	371882
613652	295296
412456	396224
1182136	324894
980279	499801
984961	470279
1158263	359124
450575	400629
588296	403525
976102	435655
917077	375681
726403	406338
467464	475167
1086908	391246
873046	283914
1030748	622077
603246	497533
448211	288228
792176	782781
623081	332630
876683	722801
1104374	326409
564679	305487
455376	38636
1368241	36264
622373	33689
1005545	423224
495754	315990
480520	983291
462954	221052
893515	826275
791001	887539
672069	575985
466671	565933
1048393	500587
881467	738601
1047779	634706
943568	528799
612003	16778
789061	537629
986854	359000
910964	336461
927946	608212
449505	212278
836888	666468
316153	430384
502381	417268
427153	41071
631779	498792
431570	276972
674819	64025
568565	307569
564379	438996
376850	452381
348145	175722
876010	475520
880593	591908
659957	656789
978865	565467
844986	722644
998260	490476
371175	393780
737776	443502
930020	452756
988073	650845
526606	312165
910711	616708
452091	385355
374428	240000
355319	444086
451321	298428
583036	312672
1097270	518948
407052	925169
653415	184949
1023032	571942
927283	399854
740793	24229
454397	311241
855958	157158
754197	25398
606744	682082
924051	404520
727859	414167
468240	139138
495778	319455
931538	736508
461070	346187
730890	644492
860767	631994
601871	267479
451768	323932
882344	312583
679015	799927
656500	211605
1224785	424785
539629	456524
1099351	627940
1090755	458772
985253	593502
945568	810912
1037426	320752
534717	43896
439469	252645
885200	594442
1056678	765032
468414	310190
1057134	783550
791573	327448
1063207	562813
509202	216633
1090533	559490
847557	640950
885731	78979
777684	427903
940136	503630
366951	355518
466550	347967
560323	12313
842624	804038
892620	640891
403149	302899
820596	580668
400381	383930
325389	419332
734104	39849
436489	61260
408865	261659
430842	324335
261217	393294
799002	326727
563010	410826
1022185	368991
364131	151153
812808	211314
1503867	491696
973797	785675
764188	651848
1227070	282646
926428	458796
949329	517282
473776	517797
443248	39943
934909	676685
946686	617380
1156822	479716
412879	N/A
605982	197607
614540	15731
924179	284987
715821	585155
492436	30830
1006848	344238
850491	577854
448410	220255
1062415	718300
548051	399918
846588	737837
868851	107864
617732	224127
844544	336050
399053	50914
934890	468983
404614	330972
1145595	522177
563134	355876
756977	631336
535522	191338
615125	364258
457821	382774
1062698	375168
972061	566553
1012582	135486
648667	92576
790486	18276
516844	24416
1068256	558863
947745	655071
368141	297113
1156344	692359
1179934	656650
738268	41020
573753	330298
345825	271570
1044773	504187
1013407	762847
1139552	925472
991061	540288
969943	459776
1030119	591665
927137	427502
587554	567662
434472	379964
804090	394089
870722	286265
1056772	27638
573768	15866
848993	504339
1379360	901235
805119	362174
1521440	392068
956370	501595
803626	552248
982657	500377
1063399	657580
524172	263756
886054	651250
899351	81780
1090584	262976
1025519	587887
937341	799818
1276177	824737
938609	331583
1694432	684382
1588996	799199
563095	209409
610323	432748
1138176	475323
583380	459697
909637	542841
1138698	727176
923197	486178
554186	234884
829950	395774
765532	383860
1336344	696928
1078223	780363
482632	513989
584099	196034
739135	273800
525384	248573
547841	278102
1120716	633822
880310	523590
1253431	365660
899731	363961
958834	391807
517246	354635
676414	275183
1596860	667372
491190	378571
586741	123787
1200484	608420
587605	58940
443664	389737
460514	253118
717083	345710
1155699	850923
1221955	746349
718035	404398
559019	397272
523234	522871
511683	355320
1113122	464728
611283	380004
1317854	500986
603844	343044
1254481	430361
993347	448729
1257452	965739
202363	N/A
384442	392389
898517	548639
508839	317441
527149	269350
916421	794186
1102010	724264
533466	321453
1008283	474115
946751	80107
1064056	497395
500851	218142
534403	295256
1067571	608593
1088537	409204
588182	446785
1020718	627162
513728	111359
871739	54778
721519	629918
1086800	454595
788663	574588
588508	474759
888737	434197
559793	335050
1108478	420667
903443	551288
918046	728537
343033	304741
1048115	661425
901222	550141
1033052	715241
341445	218819
932654	34291
675224	430948
967360	550777
372126	41363
238052	624258
1008818	555668
1042880	576272
1146066	628883
1133480	23721
1031738	394272
531163	253818
532313	400816
395237	78996
478440	485976
563377	33050
528013	484978
202930	254341
541219	300153
482997	150419
602910	150685
498497	318397
777286	267326
717607	573305
742042	658209
490559	238684
1018896	514230
558412	322269
741524	442845
304760	375507
946127	321029
1010598	220879
726104	599413
525605	107300
932614	34949
1098767	353638
943639	657131
837620	409677
534568	10999
420595	132105
741532	132436
392677	430577
773299	461851
466768	355374
869844	789320
877733	437263
957510	669760
510909	307692
736713	628759
725235	724335
483267	306960
635412	716328
537718	300071
517446	77438
432993	234238
508360	244884
1065715	702736
799112	486114
975113	576164
839900	157079
530149	342141
486709	312375
879808	589492
314290	61442
839312	385701
976345	397215
440437	323570
561940	195173
430222	172171
778206	191668
430124	378568
707783	236882
1007490	826720
693418	242463
504496	346275
1137802	475767
652143	251567
792403	233268
1175080	362521
565486	508489
1411501	26819
1262713	644569
452806	377905
1252960	679574
882892	27137
604793	254150
1206440	791341
1170374	429798
379470	308304
1136570	971508
681773	269259
550357	328407
437136	426862
825599	488139
781698	544483
523763	331400
1182785	827406
1060182	496791
931302	424295
1159757	507236
1167417	542499
726302	308461
647690	331770
1045356	555758
1300337	558948
958966	454902
694598	36175
808601	458709
613520	279154
991320	99540
454621	253426
1032646	532629
934803	578532
453706	24417
509368	218878
480879	15507
938751	355671
848287	32318
711292	29774
1074609	170178
457849	429080
1080063	15438
941734	528540
898176	718314
898553	339120
844686	573613
826653	536097
510929	237865
419139	240660
1097159	341686
444872	352520
558461	274409
1078651	727860
1405129	654355
782865	520902
1056184	595556
390987	304307
420632	466431
899983	551649
474893	31812
841378	530731
452811	392352
890546	480928
403885	347188
453684	336646
579776	68194
905263	580928
93347	14016
743541	469816
701626	457203
389635	368884
949357	264553
892592	222881
540771	359869
583949	359482
1383527	545537
816428	647598
1062617	467136
742769	50423
1111227	685468
659189	503969
698165	489328
444187	255047
1480129	344116
508410	242352
1145537	704178
565192	406811
964389	754964
608252	266544
1569861	502502
792796	490296
542654	294202
628468	390651
3216440	438545
432966	185165
1211887	509550
869522	443928
1149786	561058
652758	460578
989144	259744
1138958	620826
602619	130135
705259	341240
482016	361284
898618	390193
884372	707593
462918	191810
918126	600109
872946	571871
485673	296315
512225	350826
664235	412423
1444073	727859
1021480	733301
425163	414392
484749	387722
1040448	557364
1309801	368746
1206370	577345
588783	912081
850358	761446
1160542	629423
601420	461956
917942	392827
992317	276799
923881	223419
800583	15612
526299	312164
401445	255288
588539	16610
771678	607073
1393684	334150
1280135	577103
1026849	746641
729308	470114
77160	18425
1110766	678760
1379824	648177
567149	374491
1198456	187290
1635356	556714
789380	683141
612126	179438
642926	70776
549224	328071
1222620	544650
520023	426970
911867	409626
681499	338610
1100773	394095
1563556	426662
992046	442173
1199479	18040
1430753	407087
992220	771105
789148	237321
735273	468942
1303319	161305
1015841	53297
1132783	451560
560735	402622
902796	157439
1188961	426849
965293	382519
613926	399500
1485652	493885
724024	233197
710442	394018
686929	252608
640729	432920
955904	626480
589062	18853
696952	513630
793740	28887
771172	251609
1355580	947970
558872	475437
1429748	615547
850748	28731
1316924	695418
482606	262730
911520	307096
1507039	181575
893998	605217
576553	250202
956940	268719
526271	381662
1177193	388988
1166769	803026
1144409	326270
1077780	618354
652400	390701
1271965	587601
1536057	881823
710413	322497
733314	336058
1424762	845290
942233	132666
940276	847487
669482	311774
652581	453954
584058	197881
535208	219287
585598	487446
1078981	316959
696938	305799
1235596	609609
583813	413562
1080063	408515
891044	412717
297760	292441
882483	739316
513323	438076
441376	182244
932489	135580
561744	430448
1042356	615046
559364	18528
674419	135477
1241448	791632
559593	131894
500804	21134
797197	673349
694475	44711
683086	352445
1027670	435889
648590	601791
1057900	615952
727594	413052
941677	340059
995558	537986
797968	608069
430749	390344
456453	320118
1032905	409108
869867	514355
435288	311314
475888	371808
497350	314417
430238	394462
986994	444256
841283	382219
953194	387960
414511	386918
398530	100098
930719	553339
933976	405219
386718	216920
755417	444992
737745	421222
457422	287313
763051	663995
375005	22588
842525	271207
380503	142776
848768	377667
494060	351535
816456	667102
867136	385841
408309	260336
409587	267307
583147	354338
580291	220877
590242	245346
910471	549005
390240	312293
368341	104909
425739	352591
544002	245097
905396	355407
542613	265266
448557	371254
574134	528179
878579	324817
711016	362041
530326	471790
575712	18101
1014073	377400
714531	505720
965775	699864
448118	425843
736411	586608
924967	571752
859566	483048
911599	340583
400533	292149
914898	445220
902428	548058
939472	218946
477542	42876
520146	359849
877794	644391
899026	601551
1051044	513070
484199	372794
457797	235752
1018585	522528
477464	274219
472186	481148
537089	250430
497879	396107
996211	727573
686818	121865
604085	43906
493134	180526
489399	163193
1076992	457221
505620	15929
1063349	757902
956641	856455
561385	430754
553830	306971
780401	483926
500313	324524
643078	380477
955042	450870
559943	299364
1707375	774844
1139764	331000
2492756	365251
1295382	672832
1312543	720337
1908019	261237
1603025	691254
943999	354044
3534208	576395
1025832	212243
1601903	503493
1146760	621966
1310234	334745
1103800	244786
1037448	343845
1755753	858533
889536	375786
374392	274412
2286170	484231
856121	52052
510377	125695
1024757	16728
1057613	513571
525544	435802
2148846	755912
881225	180568
1282157	972962
648335	278016
616923	308912
866407	550042
693613	354341
554810	298079
1004582	673056
1048933	519453
895734	633610
1164931	476819
1294577	637796
1006502	800601
514137	414084
448286	338112
478468	346033
533247	293346
591750	497084
794876	613541
876956	811497
956497	649887
1124048	341663
425055	326385
715706	93466
119353	179909
1069789	507825
729658	812084
936533	506345
921489	597713
454735	405909
944813	445817
403857	314399
455314	160745
1138200	673311
874638	619921
438497	253482
805693	563561
874166	556600
426152	301301
913881	506183
366787	407826
407797	228395
896624	866756
917814	600291
1007166	595427
480358	459277
477467	33730
476631	211483
585333	380240
546937	482896
790406	563646
619824	506601
707636	436674
366762	322254
663756	500293
907503	603034
560755	241315
457804	443772
300112	255997
461105	349874
468220	433524
471031	220396
401119	417021
425117	11894
398982	292063
531668	321797
532071	339553
589336	339261
940574	552012
953055	790987
584640	359739
503416	334163
387710	51174
753204	674833
720127	285955
371773	64586
416757	402135
365174	274130
420563	333915
891723	517642
444875	354143
923218	217227
392377	194942
687934	274656
390166	292754
799749	359271
695962	410659
704926	454942
789426	464636
867011	317170
391861	278823
646270	404689
428798	250665
412168	70667
426058	13092
494567	64872
1050902	700589
697097	420037
931047	498577
398900	341723
501730	182021
941714	424767
665429	460279
914408	772085
899366	426173
485507	18882
892674	346212
253792	391968
414293	245322
160425	191780
664865	340352
436675	125511
992011	515267
463852	282169
792126	645291
1073856	437469
871895	878952
417941	50200
447457	340042
1248644	834969
200208	470167
495268	452753
892677	234597
972582	653930
528566	398671
1238151	616921
534516	528525
609818	451166
905700	516528
454058	449579
823480	906156
778276	485637
478683	307800
1129579	938417
598670	340407
616853	30134
653221	602040
804206	527363
937734	455742
908691	957768
1310124	508846
456072	229609
1477872	530245
457266	397255
1151249	452062
1149868	365485
1271993	401406
800570	510603
1334913	707478
844879	387643
1505334	385078
676159	730027
453424	359728
653307	537351
1318141	730761
1033178	713402
846175	334130
501444	335383
497583	372384
1169553	969143
736351	714667
801317	576278
416250	398325
1325245	785147
916857	791685
1149172	877094
1288027	753786
664900	294151
649262	258976
499114	333019
465320	400809
935514	499710
471759	388752
955274	708443
673845	688406
517809	475687
734294	839548
566551	317175
662972	143961
735700	771553
505033	419412
689882	393457
1287090	659558
507403	449247
837261	821020
896387	19904
2153642	228062
928118	399494
1851994	457888
915117	611601
1117681	587298
1299475	300988
1082729	637591
872800	612864
1010576	681772
430950	387104
490562	391994
965232	476529
477060	377026
626298	177583
360590	336408
821383	601397
1033688	232797
259341	391807
737653	333133
532157	370881
1155457	675352
434547	217760
1157322	384253
820575	655523
1270321	500174
437069	284749
458932	281884
488677	239407
1055860	167112
1188969	311305
382589	374826
855283	241590
1126179	560881
1476892	786313
550464	23155
1524193	630588
1342047	14576
1021567	612829
331443	357263
1043343	353810
699255	444149
422941	394791
446557	292884
608357	205683
832249	423180
438114	344049
453021	354817
470189	335416
359541	N/A
396240	458539
379080	370064
341300	314947
783763	681433
707580	55405
619774	210788
390153	302720
797945	705334
672467	423272
893072	414092
881076	214355
665754	203714
632214	427032
193776	265019
1246154	746360
629760	230863
2128494	709628
1025344	492912
1043838	465628
1005577	766949
487301	262081
523255	392261
419545	274510
363274	124250
621037	406612
456262	198568
815693	663709
487634	333217
499292	310775
434937	423943
242852	400518
828845	604572
380715	158377
556101	368002
493722	346714
878393	617239
434341	546350
658858	35398
405484	271670
476609	42645
885493	586930
853382	466849
778954	250814
410453	265947
532546	375566
872035	36340
612454	28159
815601	354352
861295	422691
538234	198153
501647	351299
441062	239263
450223	228968
903240	214280
458457	170668
1142339	636633
594612	402836
415724	318662
1071026	56470
1123646	104683
1394199	550969
1055460	486797
1078766	745234
810518	569071
928758	548079
455765	378629
764372	43418
658986	559444
1271584	494200
544819	473241
849742	353422
737021	501497
551110	437278
1263655	526648
649960	445532
1025603	549559
1127116	878494
1218233	473247
1031446	380537
538755	237811
951153	796510
903627	337830
875628	669959
1098909	252823
504081	363795
423246	298022
622636	450843
402656	154220
1209708	702937
800178	534092
561548	440841
611197	425047
282888	459496
1032771	656917
896167	743830
1207780	790813
1122272	384664
964024	468499
513787	96846
693599	381583
846553	752387
399500	468713
940382	335216
500271	161929
890187	543336
427075	370081
484427	199034
477070	289698
801343	515228
467194	431347
834377	218174
411105	213024
440654	425856
794555	461939
810709	736533
528877	126023
978212	337953
483168	236308
638924	102858
556659	187391
355676	138377
348312	285679
445645	267394
791267	570051
881919	189317
371728	313692
780373	463844
618766	386378
345242	300150
338224	380114
349561	57581
362924	329307
322277	212861
385224	261849
736585	283425
391122	270391
356598	275213
796937	523606
357310	17672
739245	443628
411918	213345
920306	543812
568741	478581
642412	313599
548624	36392
530744	35668
820699	366165
734138	451238
440173	245992
885596	638410
165729	302201
660189	422708
832414	449415
1290646	334496
797486	528606
732180	618147
414126	428670
606749	28263
1425839	288983
1110933	686304
656136	381151
461393	228461
544298	442143
761981	801195
659892	618691
574181	346299
922356	344072
868017	324459
380877	395136
848120	609418
924950	622050
454552	413866
490198	233830
456793	195171
633048	375632
629280	451427
456283	11938
459648	554706
1010620	329546
739196	229032
372700	383502
873713	454217
560662	310065
939329	678736
964843	360266
386933	187728
713689	666247
1006746	326770
744215	371647
950439	410953
152576	9509
560693	254577
479204	214925
1064299	842741
477830	459876
473476	401309
525922	284793
680365	387992
978828	447024
1347281	560472
1095731	938786
974060	547282
791728	287311
948613	197384
874698	715549
1081732	612457
1017357	519101
686231	336599
1087113	534568
998815	19859
559600	501560
1076257	617038
840851	340458
524450	337886
803081	865274
974897	524485
445697	530568
786451	406130
894129	380286
595074	351631
702084	16709
638770	397933
46587	N/A
1083608	547376
1235404	713027
1180437	722500
1272161	501011
1677214	522209
1502011	653657
1036675	492487
2437317	571039
1309516	455755
716089	701414
1023308	774216
1242961	381822
1134483	731008
1007194	474409
548257	351664
487477	192963
869757	556466
680666	292921
360901	275552
711446	551504
499413	401362
1019754	264673
445333	398027
640429	499487
416920	332703
494552	520666
826315	639510
488578	393481
505377	393206
670040	325533
1061985	286931
759232	686479
929497	572741
440177	350373
996626	271162
532166	458727
728779	402512
619331	222727
931714	513844
491681	222078
802511	751318
799562	817621
525975	309859
483048	437498
889479	530406
718706	226916
658156	96450
943435	525245
758929	18418
488229	251446
1164491	362755
1004401	450658
590077	237381
456229	454629
479118	244524
575062	131821
873541	271705
1258601	538361
486759	300505
606677	394805
729045	566983
1121299	341321
427982	256745
428111	497207
395575	302219
525590	329733
876269	607501
858120	374547
628779	689472
250894	311818
783913	501252
412771	321845
468456	284136
776005	552546
378097	295111
999044	768964
1022161	131406
435854	504904
864806	537482
511427	254675
957798	497532
1062946	768802
442684	379378
650210	113022
532103	300124
867520	547432
796897	420238
964170	345740
619315	28236
548280	283970
515142	347716
1058134	409564
840923	400531
667140	194585
993446	606011
458797	200539
515012	178393
600340	148580
916196	555861
529504	461017
630202	469367
1020956	440267
1198177	767823
920750	925922
1239024	180858
762973	821548
700868	360370
1063442	684763
1955128	759896
513844	196077
597109	138479
517400	446051
1045295	617574
503113	491666
756626	448728
768223	210541
1319426	433825
1045496	317845
479686	255695
720216	287086
847639	507239
907292	554841
992953	288727
510346	277591
1305359	654163
1265277	360445
498044	175612
1354174	309383
459006	401962
1041432	438458
818478	387774
809267	368428
1306686	537106
807180	17244
1239722	542933
1469375	556126
1095960	520488
2675993	535294
494111	139090
678331	22123
2462460	517210
477987	295486
692295	348533
636827	15638
1148415	29864
1788794	540517
576652	446132
2547867	594052
1387880	829487
709644	390119
890316	442081
644070	851235
829000	95969
1228790	607173
427652	426790
497573	86350
752949	312343
1287926	821234
1366910	900149
688138	346675
473354	424478
1764082	344337
1056508	330096
1061281	327912
655193	196324
1131551	856018
819376	548849
1132494	377671
1093551	245122
459223	354053
618631	449628
1538088	310936
546794	444421
2821272	740696
543896	374430
1183828	906209
1461250	459054
746445	323941
1336324	789028
611449	434344
759780	639381
1266056	698439
890678	413694
570771	383479
407562	269204
1090936	807552
823742	293313
378209	346073
462911	248317
740226	653034
452495	286998
481728	288221
360466	444344
558471	438080
680609	19214
861347	333027
915116	401900
881549	494071
501027	320448
628026	295563
587368	521957
510290	371799
475797	333900
800882	547921
318648	326627
844256	362374
392246	249459
635507	293081
856785	554766
801778	599412
445005	346816
313112	118134
766995	536296
790115	443927
911898	345761
965607	437755
1013116	502864
886925	671401
750921	183612
731486	312653
462368	227443
680916	396876
370374	445391
654877	526436
587377	289987
837795	548862
372163	651488
580526	238857
533790	302597
454592	292614
1122124	366107
489846	444532
91428	12750
456785	374432
758598	626267
916634	641714
657165	119736
565724	438566
212088	60452
1155828	429667
791130	369756
150136	N/A
398489	271383
1096687	391378
777640	517025
472372	290749
495949	237163
384493	222878
490436	367386
1114907	533608
720439	333579
512132	208640
1092942	690109
1169270	514127
856826	319113
1169240	434949
530830	316189
983574	497578
561849	255763
604169	339908
1050460	378298
1046023	574995
540623	394835
515576	300424
489860	436102
1090020	489106
579800	308917
454354	343232
726662	42320
547367	376081
789438	416852
489302	167185
488148	46587
605244	339234
532245	265492
554734	473578
577695	817417
734821	427498
1180024	468524
565437	361377
1054719	425515
595357	437054
714369	578409
554668	190598
1174413	651314
502378	113354
425672	445422
551846	152350
777734	557771
679208	153738
842266	389484
523211	450779
1373475	754377
587792	254705
1008463	517047
1536944	438837
667671	306150
1390962	442718
1068796	310457
942710	363780
782244	411058
629260	31312
558875	418608
778552	437275
1369891	518221
1404963	391166
996620	731712
1653115	476080
649738	261142
1036860	753737
1162132	202221
585741	431925
814873	546681
1200050	681535
1574530	542356
591707	289544
933382	433322
1015621	432045
669051	282355
565697	275031
993772	667927
471266	73615
469500	444863
349291	304307
994667	368229
339548	358454
470128	412899
380079	291914
1133974	387416
398744	398962
1074492	326403
894156	528791
563606	208988
440157	123547
455781	329122
763388	481989
881415	485213
867209	666970
762466	235635
480189	71826
465249	155821
440846	390946
420389	389565
447439	295311
593767	159270
433843	145585
636303	313620
467822	342903
455671	319382
881954	578526
574797	364106
527688	486616
422351	238042
508884	264558
463245	233327
410045	183864
1241697	322092
366118	446569
721568	1167870
506288	483213
875179	865318
931826	687485
572244	371300
659476	170829
1138895	851396
492311	233904
697584	445211
475611	490239
443299	332249
969832	378245
652244	353761
986429	649299
1128782	582052
485442	317487
724283	455371
484478	346141
990414	661814
1850984	N/A
590010	339936
642167	415337
511345	305548
510928	376948
1029573	345202
998825	212532
559953	335264
841657	683492
412672	448120
835314	524151
500906	278836
512404	222838
1098774	648410
868734	639423
820884	623427
720574	15339
1737454	445850
1123334	598841
729932	529055
738481	532095
472520	167785
990370	575099
1039186	371150
560183	409141
1271632	589534
772132	139940
564492	32859
1226374	804064
521042	350145
1092269	622718
1220290	487838
1120116	603561
812008	60673
1343644	538824
440072	383946
418529	334320
989187	510562
1041214	280868
1078612	518922
557920	232945
514902	445816
524024	377953
602773	468862
1097590	357240
1041459	391330
1359468	553783
760435	34381
1224975	873139
362222	428032
450730	469870
619399	348567
699460	353619
766730	392682
871115	474614
897520	466096
762729	315197
955798	380209
740935	435246
865509	290378
401534	393290
1315901	685852
455011	235888
348594	400962
498336	344428
883298	466825
242539	369561
572427	367703
648146	382246
827366	302825
150881	N/A
261162	N/A
416297	351261
527586	228784
851298	209472
1453510	490920
942226	16779
148812	35082
568736	158916
352135	41251
885981	553369
104962	291030
981354	544408
475861	206666
383062	313693
615853	711598
580946	580906
717424	553608
593996	17814
404260	323784
387745	260447
1025779	718382
578967	244802
607086	475715
530971	271028
861520	612289
899662	715547
502926	712098
361023	93708
348576	130124
488730	513198
781649	596882
879243	467718
412501	266035
623910	764280
672614	313592
690983	649622
861570	483405
532555	307529
754781	572814
563499	129991
834625	393630
530976	311486
518566	424338
282476	N/A
1026356	392195
613655	305464
1477606	684018
844640	679016
865330	448794
497099	335536
540773	478983
928530	414785
941587	671268
802032	18399
463667	331303
921342	746584
896918	697849
941322	688052
496771	149646
447879	38539
1198908	559396
503655	462952
726772	585560
1105721	433285
1054403	750904
472950	418289
1048642	771243
1039881	560952
901528	499817
934224	702690
1102716	908342
1105384	289839
1062227	632348
524167	422269
541381	387681
898962	700566
938174	355860
680667	23083
725498	372750
698837	421274
637413	470435
1132585	675198
573818	354498
878523	433404
573820	445323
724178	117586
868340	588920
502738	216424
2276003	386774
767146	37686
1005819	501395
558705	901081
776256	533895
471667	349722
401904	301459
569554	460546
1020972	422175
776930	17732
393144	248756
457805	304162
491885	229120
475716	21870
793966	257261
1077583	616626
987604	540775
601108	447731
465637	30915
875964	544987
1056513	78039
723042	287852
382498	25361
509143	345692
665224	441006
405545	165316
858420	278764
408295	461023
523996	385050
675531	612461
570750	42468
885052	373448
393909	143431
484981	249579
475017	333141
378495	339027
509603	269845
448141	359311
408109	292429
901631	387334
454336	356789
573831	215383
813558	526580
756017	674702
386599	411096
698402	584891
460804	228666
671998	631484
930563	781267
455744	540319
921373	428777
1200439	407560
816350	727940
408051	255430
882549	427630
505341	290968
352865	312703
884606	554502
818362	619714
353716	22277
354972	14249
404886	129283
1127767	497983
409675	248964
337915	144401
397439	170555
416149	280976
499669	245096
469654	270299
414901	80037
519067	216722
423611	351669
817503	458565
340630	N/A
439408	364053
1075654	543288
672298	209532
392452	302223
440822	388453
915377	620214
515348	380337
741214	603862
1074109	761489
551165	24825
488930	251076
520214	356806
541538	764244
376016	41056
463577	287821
621504	459260
757600	516581
1068214	503414
769110	671188
1051774	296864
954579	688561
1127540	440177
768505	315432
944854	679327
501812	503686
396626	233842
487007	389918
449048	15151
1014489	864113
502152	465993
486847	216525
481945	371823
832381	377115
1053500	541435
656331	58440
1535471	432994
1462050	470402
649954	453917
500961	14425
1138884	421495
579871	1089188
501547	432048
1171771	445709
1009596	211385
1066230	648197
1383831	728717
865046	632634
545516	245386
1105648	561271
646032	59450
916034	222338
1344660	653942
332119	333540
1010913	859707
871128	33224
1117588	562892
797866	385777
855454	631286
532510	387563
620326	390857
832997	237512
802478	17639
477947	351016
572845	359272
666858	47292
1250370	637773
1414336	654026
609147	241666
498355	202131
1301269	600108
996076	599110
985956	444703
907380	361677
789519	576651
540683	407124
459332	48398
729088	401947
571828	361839
438122	362044
994560	226269
427949	26669
966673	479093
468272	260962
1198542	164464
1067518	481627
701439	660088
440373	279112
383639	100299
467509	415156
747404	571278
958281	472469
623681	361980
914720	356715
444979	182613
525135	283943
579178	399420
925924	331163
621680	259593
436334	364089
606439	300559
806119	470694
1015085	906269
449681	222449
616138	286331
599377	374146
901559	404970
531285	78538
1064700	642469
1068210	657237
796385	468133
544651	495341
483767	240448
1006141	203739
658920	373473
546066	4891
404263	215695
653778	53785
949846	427373
1324163	670659
471933	304920
504069	113900
444436	376019
493659	391988
554287	374405
954176	357333
1008019	383417
1159033	648933
1051963	426725
444587	61073
1300963	391428
466944	331400
1197090	438069
1060392	610368
996910	322937
1205263	507843
435010	28811
1228942	466389
249164	35663
140448	218849
1098675	356299
522455	255332
1027984	597592
533725	333244
962484	349841
525884	368706
605621	352447
505858	431985
1183671	265194
688352	148488
1075962	368954
589900	418614
1039706	267560
1022597	398934
1168777	409686
792754	184122
1276484	768977
604435	477166
1148987	706932
595927	511590
509343	265633
947386	418098
1065782	381534
963292	216278
525023	349567
528818	290358
781476	15501
531654	328768
458495	269432
702109	101730
869196	532290
523852	409327
1012149	340337
556898	109051
664486	74420
717438	387463
796659	858051
364721	162425
676051	331657
382822	141613
816303	751150
1018093	637099
526310	385668
1042668	185479
821385	425966
360312	264338
474224	332265
614491	338428
714127	865679
361982	166071
368815	187808
408666	332316
880360	360087
610184	37647
674358	522372
421557	293176
749410	554771
447666	231601
504681	418663
1067855	403642
1472369	342010
587512	307168
1010796	613589
498416	407004
582810	325561
965169	563870
865661	742648
698725	N/A
562526	429416
482984	280009
923008	476791
1073957	583460
518767	313530
524426	220042
561119	370222
1166099	244799
866934	452282
469616	494193
466463	156479
943473	617140
1036895	372132
1020431	398670
925577	708435
437046	258971
1032386	805629
490379	436232
764672	345595
902651	618170
632575	25252
471768	218057
657931	664697
532751	384623
401690	242494
934396	366284
897218	463556
498906	190856
808567	521649
519437	201694
1160247	394836
657074	254342
929977	591731
610851	352776
891930	560823
501791	313532
820664	487507
919179	563169
967662	513978
441451	28919
1041923	353075
595406	284354
918598	224880
846714	614740
856528	537813
523846	285909
974825	867381
1088994	576966
659017	314411
987109	149463
508321	139941
641921	229061
809085	507313
482070	393874
411639	264664
675093	170857
810701	425985
977307	564814
672493	188319
533383	216675
1159321	778331
1248002	667281
839209	541236
852347	519635
674619	443016
1052366	681770
740046	568160
440193	42428
539368	299924
446153	353611
838200	789565
728910	531718
639327	169940
624456	263845
819004	442501
792172	484661
1005283	504096
957632	473352
434602	451510
422233	335598
756052	552574
739105	430559
868755	444215
647940	650780
889537	290661
810353	245115
829961	367274
593190	365600
505603	295941
437262	386676
381899	236131
819691	633914
402723	392037
905584	605691
472557	375615
936863	684392
506198	303816
700275	613461
412274	149113
894591	477158
451696	362505
486061	277130
627152	526722
469506	15370
1279934	309197
471165	239843
700720	175533
1006421	590650
622159	376732
1060016	555804
489298	407581
484850	465528
486847	318096
606841	411816
898922	574034
889448	337154
428703	16086
753657	462585
544141	330142
230311	369264
602748	557970
485393	444170
737653	368135
541558	314727
799456	891996
1091664	488128
519343	272680
890271	294899
1104545	635849
886012	575533
738070	497105
675310	378998
769850	696325
470683	45751
556553	326686
334777	N/A
780848	398688
499035	437383
468253	356336
495727	17912
427980	273852
747695	325516
845321	441195
951800	656414
441688	418589
449495	342250
859734	805229
907620	741441
725481	68101
875616	496083
1065567	622574
771245	243628
870445	140630
495476	37853
1021237	853555
828212	372973
453032	342228
672609	664754
506918	213803
437898	223762
623462	406381
561420	366337
910065	669441
371209	10935
576697	370318
470656	526026
1033622	686755
629561	316691
1033097	644413
549835	436198
441925	330630
1025690	666136
716430	678793
1049252	428421
788665	595116
502937	494397
892363	238633
509967	380158
577902	439457
577294	209577
639163	317535
507520	94747
695177	289735
1075416	266950
910320	606991
490164	410159
1243690	345536
781867	29834
1181876	649104
677496	391732
539852	137630
932926	573732
484592	236023
957068	646235
462591	213615
740328	488308
561567	310816
650832	268141
677354	743597
454436	101813
1062284	582383
639975	276122
851997	601823
1125883	405144
105697	20955
480049	427960
354218	316432
751099	161482
663362	366960
968867	845623
297572	247411
1301586	592608
773863	336446
560418	25410
449651	268147
382079	322318
328139	265259
453852	296683
980379	182228
881952	472394
982268	510399
1033179	480921
438715	71261
719577	659012
331738	205541
923972	414361
502626	56015
378554	540750
512116	285477
379198	267659
470637	334338
386303	164714
930177	598788
712378	604031
522850	194884
639720	871156
388410	325312
407985	405383
644411	235899
777529	375207
845451	426889
697401	463235
457562	218585
461270	307371
446915	263518
429584	420269
485113	282813
380174	257402
411008	406201
738939	733686
969274	646114
521241	54523
853129	490606
432167	384908
796657	687853
714174	244867
960827	13287
870098	450154
956433	608611
920913	736831
620507	431921
950310	449947
1002160	561417
596980	278666
455801	264204
511145	514125
464758	27233
897523	737769
1140571	745129
510848	331264
485227	424860
557965	373351
419794	420130
423875	18657
434629	268236
523298	359764
964976	424131
365020	524707
553728	28855
1179074	425217
883733	767333
1162734	172531
889030	357102
897672	759487
679755	296837
412139	420458
717002	56296
498602	18865
493252	414410
458745	313356
514773	352998
583680	310887
425096	415578
593382	463865
736283	596379
916640	676432
688814	448047
917784	426710
1051890	59572
699974	25480
999263	554683
1578672	246395
920815	632122
730296	691859
880491	536810
644038	597221
1068184	270438
1130475	810504
1088148	254578
2029287	713213
700536	27753
996534	301748
444852	376405
682607	788876
1207219	652409
936778	599095
547603	443560
990696	523726
720906	19865
1079566	269329
1170300	426845
390606	354779
1002447	630922
1042433	556877
1252304	526806
442804	105535
539547	296340
542209	465812
1102234	685896
632769	525631
882100	541316
949387	744847
807846	699251
902213	400653
608309	193227
853955	325489
1135004	519774
1239551	575152
647539	439625
1126207	278566
588549	461803
393987	278643
544668	47903
1457069	246449
401886	255442
733636	422324
747983	280120
599720	419171
397960	303031
567968	195127
434918	329420
345788	248439
362323	347386
796508	422376
827885	581944
358072	163922
444604	252423
432969	244921
322068	262081
470348	354590
884769	634724
387787	255355
629310	520437
418926	325388
411237	379028
832613	632494
744270	747739
543528	29062
424138	278181
418640	409326
769269	639884
906840	418149
536868	332107
466659	234438
489477	244324
863830	552873
807182	908112
520643	285812
529534	18375
927528	491116
612504	404204
469891	N/A
617662	251902
1304716	591281
462544	115916
578366	238624
810424	632513
511216	329076
963088	383146
1064994	566163
933914	393344
830592	432969
757867	424245
416296	286981
547416	379337
590668	90175
719541	602084
1082108	396831
823859	441282
891049	520137
701694	602475
1077446	670589
976584	462746
429009	329928
505476	349577
606959	447427
487257	427493
856428	608339
635707	350573
762408	952897
606119	331274
536457	311988
965880	409164
1060925	546848
520349	491769
681107	396111
2027991	541374
781043	435741
1039352	259861
464139	267323
1025229	590737
760542	377754
585418	369414
509757	225521
578026	220242
893082	514244
657621	451250
853416	571615
453920	365297
472165	147610
1036130	92340
600362	20138
758900	529959
560426	478198
1087734	546326
897752	628842
850207	505111
913210	678316
397418	325252
385846	416191
448652	384443
425572	361431
410805	280298
440065	364414
434191	335749
525290	383928
571160	210015
581095	140071
551542	45219
889276	801041
533940	180637
537320	340323
1080484	782194
1002237	286154
528919	387103
969560	490488
840124	632965
976840	371425
721615	15943
946864	689058
421996	252531
1479633	898916
1091181	338446
2621111	654974
1143070	565092
1176096	709491
1133233	521486
1181784	359896
830510	41436
589609	177714
554904	345663
712760	511761
684292	450633
1221343	472005
814258	281596
569184	192128
528595	347003
720173	142781
1096776	647110
778254	519716
811755	659798
382653	503706
907674	485579
1304071	731916
1157738	328154
1337647	679224
843147	31884
1455751	270699
494408	391946
630377	385561
536984	472062
1471200	401393
517594	323509
1126265	673517
553226	438886
666013	395001
820457	332099
1151105	627809
870009	299658
1126004	482622
985363	428167
722254	457299
1051515	81886
471650	485464
543709	328139
679781	409949
1200093	826540
1097660	954961
1344643	220991
1351163	724095
2575016	789202
555498	393876
1365279	526998
1211004	646753
836406	348323
984901	418475
733798	162788
932464	383925
909013	55701
522314	491320
1215670	720789
781164	242253
562203	397219
786425	352568
562358	33105
1088961	392975
1178540	765313
932295	721152
1251485	585553
1177541	700692
1224306	511988
1294187	604999
636613	432639
1138418	483761
689225	600025
541031	435287
561660	102254
847285	337007
1444696	701837
1324917	775796
768779	443076
1277058	584497
510441	107349
1044093	254427
409895	17807
965322	329849
547853	422655
1503447	144235
1077763	508673
458834	207007
775636	621364
1268461	664000
885331	478506
671320	245860
1055069	20345
358812	191496
539416	272520
1103911	597609
751583	340340
421072	502065
386719	112376
480729	230086
687777	508135
789049	415642
890624	643612
1062565	75938
935855	771927
497295	361666
465470	N/A
924903	443144
834531	405609
834569	563598
979553	430709
500328	229566
657519	614192
938380	485770
787966	494183
1111799	577682
1209226	506318
1105447	574643
976216	689007
460823	323394
440688	225612
449474	387715
434557	473184
419120	25047
560907	1033489
859510	591707
461631	385722
883006	629030
838882	637276
925114	340437
435523	256439
473457	296698
553511	314063
442464	298740
608981	18526
586382	117969
979650	459166
463781	402358
858493	360041
433670	214686
481588	317526
364325	208238
644334	204470
561098	276401
571349	235149
544076	339808
453580	253827
914917	527243
965874	556243
1115748	321866
1134121	431435
561004	170635
1049562	273495
986771	551056
789498	458124
1357339	465929
2173144	657268
622021	316584
1173737	338023
840520	112573
642364	401637
828802	712250
1030283	248684
740309	33894
506658	335561
1069881	423593
756912	249475
1346454	444092
567977	370833
924042	96268
1040353	466498
1220068	669294
498835	426682
846884	196430
1499710	301234
976780	621196
757159	273266
1072467	766008
649186	314977
565992	373482
1006969	606774
497284	215949
903487	313867
1807011	594743
861409	455893
773769	511779
1788821	445944
1133679	671800
491409	384072
896045	20055
900920	336723
1250794	173098
1229230	708284
957274	46972
869568	N/A
706499	48489
753781	308753
513812	397323
1196016	244046
895907	373516
1136140	851907
534659	227235
649134	561736
1260218	727473
1365889	535363
1216009	484723
1056039	384229
808748	380828
809239	670664
1189220	407509
601489	124510
997729	414243
454849	498826
918237	526754
567352	228624
538544	13523
624263	104046
559240	246173
1613220	574322
1298084	871963
739647	472250
1269551	644419
529472	451928
406252	392590
697613	495023
700932	251845
538575	449882
542693	227615
83202	28839
507779	136244
609521	110451
546575	358145
540358	306044
628883	220673
428106	285760
660445	486066
750286	576021
1111118	506065
835310	622977
727740	267512
989472	518094
520195	369409
429889	392146
507340	321647
2413784	656829
427871	330290
452479	588325
413384	158765
505860	289358
522026	235999
665981	59661
1045340	238237
461255	26404
367958	347823
896831	628265
621560	100948
587620	N/A
305809	N/A
473128	227381
990008	509292
369817	303110
981527	402448
514743	12529
1007899	357506
393353	434363
737199	633707
560379	347607
409763	272852
466948	229612
408157	200173
573787	169678
1106838	429898
1070922	417919
455148	224029
485427	337704
689203	229424
978456	463190
539899	389807
469232	364530
450413	68926
684952	510207
413201	387161
1549103	598240
549149	15011
628232	425425
458027	294622
579797	376574
687684	654353
1099211	844425
768133	780855
1033180	738455
502471	455145
526765	364136
1030304	569778
557615	326776
1005695	539414
532146	317264
458896	304828
1103351	439716
800487	547925
1103176	456783
929691	493512
1386248	395554
575873	69533
649515	416286
1064480	614524
846226	133743
1148173	416756
451420	385001
485171	15664
1159822	398337
887836	49368
827229	673734
443596	401854
597792	401770
931420	20504
1131154	737770
993782	822726
682599	32338
1081624	772872
448402	261114
445877	252820
538063	275995
1138180	673513
871738	388586
501847	212637
621018	469056
1211312	850722
703149	632982
474308	293022
1240467	525836
422667	172867
1028219	396691
427114	281689
549435	72398
1038159	515445
398714	16962
456478	357182
392934	119430
596489	372269
378232	238303
779000	601490
522698	362084
876906	58081
373690	369302
461472	430457
848624	285475
456708	343377
506329	229434
883629	455068
448785	136909
673742	12347
738923	421974
886123	597977
391784	252320
428592	25330
834881	468688
344443	282354
500633	213699
927228	384852
601049	284944
377870	250284
853102	507204
396514	112431
429658	258818
427775	379515
819722	580051
1028818	488225
1028493	256995
404697	269792
726311	148697
701493	234579
644442	282521
542203	339463
1041426	485900
477965	43027
966412	719061
832962	854887
507669	232447
1099627	593833
880125	522501
1244714	388579
789182	200085
723039	194550
897866	378169
839146	409496
426239	249076
900623	582724
232961	383990
744054	649999
580865	289587
1276521	521725
457496	201700
965922	642425
1120855	566756
740190	255438
626381	151868
2057354	234787
509179	496430
757750	733514
700805	539151
812465	202908
469604	27191
620282	509292
883234	361836
569395	441146
1309910	556622
604258	320516
862664	762984
724094	120201
1014143	696763
1120937	544474
677855	321711
423328	451827
621357	402295
567034	258931
455287	330826
561540	424196
566082	306946
1095626	460579
493484	156949
760915	441020
1128401	689626
717088	322162
589365	207250
678414	598238
642366	498529
414814	N/A
913078	917487
529751	317397
984962	500967
674710	407918
464604	116383
428149	228206
1186605	695712
444078	323652
1035787	605086
938201	503061
928666	640291
479159	145542
459627	381134
465718	285204
804188	493691
882078	516591
524117	249910
491033	320034
881305	449969
412397	316748
452848	239440
814869	396093
423270	343612
516163	208819
367919	363068
494145	322086
1031048	324539
396978	14561
559348	213540
755938	603415
848593	404975
1151057	328155
929417	472438
1000161	254882
1200612	509796
1260711	617849
817151	581840
776928	507466
735418	241295
1032906	432128
1440872	643983
1090820	471990
1336318	278455
764369	321444
934135	146737
1094577	489421
393325	198393
933874	357465
403755	402734
495400	271253
551539	334615
1091990	291384
1114959	980016
584363	364849
2218097	402733
699323	624233
983657	508593
955360	680233
745520	630143
871676	737139
529230	353703
1044995	715568
746633	106851
452370	401468
431139	47746
536580	412707
551338	254359
653400	399371
820922	613168
717574	221348
1065222	660079
435647	360482
358994	264193
1522508	682891
924122	399523
259393	394758
1061711	926440
365671	336969
1050699	738124
2683045	600689
369358	71481
811932	13494
878453	844287
1726900	743006
2518322	526557
1351547	793043
714054	23323
917142	447428
514020	305238
828965	246448
468498	226092
563957	32819
1108909	749701
377980	231545
561822	234456
499683	437082
519157	384150
563931	455186
789850	454695
958690	428692
910301	437878
1023224	21373
917681	559623
503051	433142
1140226	894306
2076651	548865
659679	418731
1162213	462077
1030597	483059
465834	354500
1080112	724541
537795	359730
1030712	394557
1625599	400187
395773	513530
1845798	713758
565790	385932
352240	409546
668575	307422
984754	434444
442231	311642
922470	1142087
997225	278216
584327	407784
1113871	445170
761186	449662
694507	689982
206027	396752
678224	363322
753337	717069
490019	452968
519350	327807
1131842	392158
716622	488330
145640	16209
708737	228359
937556	785225
952625	514563
662944	273440
1013147	601769
682299	31540
699881	11021
510507	454803
462649	320543
2453669	827581
980765	N/A
1072106	774414
564094	517947
2397581	200612
1005563	567358
895760	762847
411994	309726
382338	269080
643718	185677
477028	84796
528730	569560
510740	192109
1015735	915230
497099	366133
631565	34700
441920	393671
776071	595386
272901	716586
449135	411093
474961	410292
336114	433973
702275	815402
770926	262758
469657	307034
304499	120198
776949	194208
666115	472853
533610	555402
886433	156857
951642	587759
932143	675847
488083	336134
437860	243954
693379	480867
960312	497520
1055796	814009
1015338	632018
1574001	692314
969938	646227
703569	309736
921726	33913
1091573	274004
652810	236120
881033	461435
412560	295412
1084176	577218
1051794	602328
734935	397650
924060	650461
519386	569476
943165	382259
650769	408540
882598	336692
1254265	377543
988329	558531
975175	696827
1281762	186307
912984	501985
1200361	703652
930851	432073
915258	648805
1021030	303292
1475485	451862
1054496	34448
1203164	642464
708324	34731
617820	519344
981049	229789
770884	1045343
649521	416651
936129	534460
1116277	427222
1384941	415908
806057	18559
833609	372737
1049280	212142
639535	354760
1314432	549866
876056	396937
1140068	379606
894853	424789
691093	360172
523327	394073
560576	310676
279384	304394
730699	104069
1468132	549080
493613	29382
261150	229626
542627	295431
803877	388858
555510	338130
988350	496298
747115	17736
1112708	541472
1125831	545159
1092447	385010
1028784	609151
701768	144628
1149521	558480
1179835	676217
462863	299168
530887	223896
1154598	433974
517617	453664
899144	625972
528619	274992
489137	324378
866190	883180
861437	519201
976163	429313
771184	20710
508208	12563
930274	596532
1125864	750489
958949	280030
966356	669094
532047	460363
483392	375031
564567	N/A
568272	339171
1096050	877477
512442	391171
1005621	641857
660545	420192
763251	282014
902285	166483
586870	431627
1313402	443322
1331400	625021
1172685	427097
1229928	635465
725604	13535
930648	374335
1029584	315518
1231888	39826
568193	394586
1229885	36563
755231	315091
1177670	779115
932655	717855
1258811	680135
754998	28236
1131658	203798
1434301	509162
1033762	22866
968057	17308
1285080	624473
599957	274566
805922	316577
589024	319499
620220	34835
939365	749976
1314167	455201
1017127	613689
1182725	549565
1228200	475926
1065528	486954
1608468	421783
1078828	537602
1047177	684235
1241748	636564
1081894	551879
1325285	831099
1115644	668132
1001967	507516
557818	292897
663025	476190
603252	262243
1386581	555895
1281343	579510
932838	646588
834479	622239
3926041	685947
969605	56350
1072393	457607
1045052	502231
1204831	552808
594097	441760
1111651	505658
677378	398649
412790	235033
531957	57998
1196111	544558
1430810	642826
1077451	532864
1149062	695880
914172	40246
1315438	590951
1056501	474317
1011391	728018
719178	565246
707752	352806
551524	446878
1131672	811783
440631	123361
942151	834715
836494	357581
479835	351392
456597	15545
1124274	499877
701674	319404
1146911	626146
1056253	607760
1007726	889873
838907	438459
496462	19051
790538	154608
523546	306747
1113417	599367
870888	265079
957210	807799
784737	345668
613043	367476
2462411	568166
379781	390142
916130	564485
368061	421011
595640	497182
346461	208895
998731	776103
745864	246760
872723	592192
614066	372429
800447	439422
1106430	522086
358879	349954
368168	N/A
961748	550127
415757	353918
203936	N/A
1134595	277561
917424	555178
496575	369977
924392	566853
391800	418083
998107	203270
1003400	531059
473811	441195
1003996	624897
596578	256217
410008	286026
714521	133525
840682	552029
769345	30491
973307	513904
841877	528007
455053	328942
874191	432127
352052	579498
692211	372617
215197	350503
411247	342113
470418	227971
898181	272055
754906	297254
644208	646429
786581	518481
286870	69271
429929	417932
617503	352234
828111	785129
836023	736240
874855	388852
462153	294540
476333	334407
614064	330255
947017	577245
931081	733462
431618	363692
745642	72760
633847	390951
519668	405615
923332	685191
802545	457896
572280	268304
784961	621194
880779	770936
1115901	514324
640850	385389
546232	366928
852499	781427
1085606	33790
1220650	356207
1493866	616875
2974305	469660
653454	329276
967711	468964
1134028	395671
1065754	477058
523166	490210
541672	354839
1005725	552264
869652	605274
486867	268652
546044	351201
1633567	53010
454935	267704
686046	452160
1070733	569666
1143429	641795
496778	389327
448602	354916
485121	301365
1096438	667150
957247	617464
948197	347356
668963	347915
653683	376907
1005144	494880
790447	695070
547260	123351
597152	560081
1091547	403278
482444	405700
606262	344427
1083977	689614
673749	199997
513655	82216
801855	637819
1062534	452885
555952	443208
1001454	697962
2055434	585703
485214	366913
1022649	649971
414508	384053
521357	396311
444988	395104
607325	788603
407681	341927
748346	671937
854890	653010
451984	300157
882970	374136
683650	388100
783946	554525
497827	406263
554021	372344
886555	695813
535028	579482
1156532	538215
502766	128087
758013	531871
983401	748179
978589	683077
857459	495800
864195	370078
897693	804708
737165	693368
756969	228249
279865	317671
728654	643555
626596	184391
969785	519626
934131	815853
983184	243353
1365990	835860
1089906	438476
1185212	14231
710910	246830
368067	162519
512109	452209
595669	44836
821905	580643
881943	684152
429623	232360
848321	646318
482686	317916
434516	201735
922188	538534
842250	632985
508004	63454
484508	227276
462843	387940
986774	521259
431483	254524
860489	306154
919530	521177
1318287	733103
476885	483267
392305	233700
423630	235512
2471346	448272
881611	522312
1064880	581881
462943	195001
462227	280605
501968	425496
434325	31957
571096	492429
1030922	480884
903802	440732
894411	544936
935282	527022
772274	365077
805918	49128
472161	154461
395486	283314
465959	169405
496986	370221
830929	551866
412595	408603
690044	666275
932301	677042
807286	497996
313284	122820
389848	346188
464972	181854
929185	645652
881968	517148
592919	199103
432760	230968
375009	253116
880876	314589
489187	420281
420510	388288
886717	517827
370274	205811
500962	404524
515321	396352
771251	342845
360053	226211
782523	465483
409546	171877
898090	510655
825056	583879
350661	79980
259794	382907
531135	140139
533821	287782
846708	283955
507404	302233
790352	531976
462299	42349
782702	324477
835450	670956
581511	450465
962696	388432
379877	399897
420142	392673
427669	303277
397070	95410
496453	486080
561872	271438
442256	431529
407687	252257
793743	536907
449662	219794
693290	279270
393668	401955
559449	390070
463258	110969
1040912	605766
528482	310217
510435	135646
401712	230644
734064	404243
429162	306039
890053	806926
404010	348578
987255	494031
648190	756471
1066111	593752
1067980	549891
1122910	530268
1129327	571751
653037	42793
1216897	784412
1012652	709371
1046519	612628
1309676	687700
894772	45464
935958	515652
411285	404298
1079944	647051
715586	228744
708568	398076
1186512	289278
970407	414856
865020	831661
500153	403735
968016	197673
2000842	800518
612163	306170
1126283	575983
406304	335458
517608	368387
757068	564859
680024	700563
565568	310553
545974	443517
397357	381653
860320	315353
414730	457622
934380	312861
175102	260530
558430	204395
756936	167714
508626	248088
856559	314412
455890	66781
403816	366610
543048	301083
842727	288127
1225514	630863
400527	444851
2150766	9742
497497	401904
735387	613146
2893683	443500
587468	46689
668185	53360
1001291	7880
655774	346255
707888	523649
427473	236628
819418	549353
571833	463887
691914	384166
632452	309755
772901	389776
338197	249135
122604	N/A
428683	30011
908585	415952
1177982	38011
495936	179258
490111	455559
852100	40898
848198	406958
970813	485080
1238776	697694
2816425	456918
598799	307818
423334	298132
756886	817115
478354	215478
330130	52891
445907	445322
488061	170263
806779	634184
878662	662064
1127020	766638
440881	369604
606734	162431
1188857	460966
412673	361947
396635	320769
1227482	626402
586782	172511
542210	99213
533319	190354
1252184	633224
486261	461426
840407	400666
1643365	445688
486080	59651
622770	493485
1432037	752729
1468806	407440
1424470	454255
1186295	717793
535621	427019
423432	14303
541889	275095
843758	522210
540152	516807
797240	603964
564391	285326
895071	780916
973031	474583
552429	234630
1036273	449776
1224266	774424
531007	439352
1169911	24999
491852	326848
624638	276174
665153	338907
894040	428962
1065214	659869
479841	409958
682636	282593
1111934	504116
574325	442246
1110075	924432
608820	188428
496882	93585
777144	627275
598200	23262
467545	175881
1035080	576813
450918	223756
1113733	696954
570299	186123
705882	419275
690563	312808
586917	268622
997668	575154
444525	342180
455850	225566
990301	334518
540396	211028
878454	488810
808135	419122
544340	316623
936495	307346
412670	327946
528118	358111
421886	203685
1088430	38138
696288	11066
922464	627616
704241	164760
547954	237873
1003764	260078
562982	411589
794423	17446
502695	278859
1127633	299575
750315	514978
445483	12124
482899	402500
529455	9190
467850	292330
621297	19035
727010	444007
424061	155794
831582	71333
332689	137739
590824	363464
468037	320926
632975	258998
552366	370346
853781	595506
561877	113552
842508	278411
1363925	N/A
3577009	967232
479877	304868
832642	581387
883151	588469
1644844	739084
432238	279345
500439	395850
528048	334263
582425	192321
344478	N/A
197245	N/A
632156	349930
357806	N/A
458778	568712
412896	321727
446625	176269
175604	374134
866941	404061
1227332	884927
1229082	391791
2932080	527240
900705	379340
1050248	455231
2323266	427213
719907	787252
390771	345606
514066	447208
765485	518103
356176	14721
922080	609207
940213	668043
486178	450001
423315	345653
1158824	678926
341620	N/A
1043523	629659
213112	N/A
567845	22154
151042	N/A
1057067	816861
471576	94222
1126371	798604
582043	448814
382590	360990
647397	568351
590921	317159
1267202	639017
541777	28944
839662	312760
2038177	399225
465841	50527
417625	336290
584922	318837
422716	252828
703488	403724
1252362	573830
1644020	22726
428293	576277
392410	259861
1059156	747640
482384	14042
973757	565157
597035	401865
406102	38988
504206	270442
772143	69996
528858	9443
542719	18035
1083848	434767
191399	N/A
165185	N/A
1190530	459199
575926	N/A
162355	N/A
541284	N/A
1446919	291826
1240546	466302
1366111	42112
442503	288225
1028771	648879
2784012	N/A
2230959	615862
824919	282849
418936	331566
2522308	120374
462920	398438
478763	273249
926011	714074
1541841	350971
844803	486410
834395	544520
888611	756066
1219149	229930
378267	276359
676563	439132
699000	710073
962077	786760
442604	275361
794179	558773
321651	228838
652212	393548
565253	390033
321044	349724
350150	296081
361451	14277
653167	571155
813241	564997
1134534	255248
902284	760043
410972	213079
415707	97649
809463	375947
837048	445802
879714	501351
997498	434917
1293457	541864
325301	N/A
950887	504190
726864	305011
458081	332304
620867	312598
852766	569036
978509	717519
801977	624508
481519	349301
466970	225518
564870	372911
556762	468800
690812	316761
498083	256111
787386	324148
640609	16840
646289	34207
1122382	552978
480199	314674
670203	22442
1170584	555205
557972	112649
2031044	652399
479436	413612
1002247	817840
598261	230141
1028562	434887
849727	541683
1036100	548457
1232451	781934
1121039	311568
1200624	297784
529197	222737
1039252	490400
831724	29184
475086	375428
628368	417252
684064	168698
719879	255230
1869278	194618
1079289	587789
1025633	658257
1335598	552356
923840	677830
936302	767186
842218	379994
988089	448104
678198	235778
659785	186979
1455793	191175
1197276	591350
1052194	578805
554873	332968
595221	207657
630522	334356
1071016	501632
2043425	804061
904650	609824
761721	262081
1152431	331305
698426	318432
815049	658440
665697	340325
537983	79512
519225	33774
980628	428235
511965	507884
680604	439558
1183760	348890
657696	180483
628867	312400
1111330	623452
713221	248571
621734	255411
544445	463345
1308796	422751
904608	773598
1097306	269014
697972	278598
1248161	575339
501315	397205
453379	389988
869823	478861
483515	432278
897134	376049
399225	109438
486116	401405
615107	249585
466630	425442
799332	456683
394866	359130
820968	564487
926465	430602
630813	373089
729645	458845
483315	238700
838609	643784
466990	316153
522412	271049
798106	714295
511436	269309
423301	314726
857493	719611
482875	669005
1019444	577492
822658	486428
909226	423105
910038	377558
576644	138743
431179	254414
1170888	355762
390818	289941
795951	427695
422512	223205
453308	289124
795072	383477
742982	491667
647218	118786
859482	475562
886460	240516
718865	389650
151560	324328
446783	322121
484839	261734
823787	695522
1010805	315472
948393	394192
728837	18840
603818	345726
2175448	702699
1236130	608841
695507	280288
893845	22728
947786	526412
506855	384345
1165857	774258
1207231	677694
502502	173936
1673947	282636
568072	270874
1260538	419407
1032480	557176
884520	477552
552875	428449
444174	36511
1067654	782395
742182	526494
493374	376886
1009889	1002539
641859	326883
467723	369721
516581	289847
1145873	777620
1188889	798496
490832	479997
463157	129837
438938	296130
293847	N/A
658682	736647
647830	266203
462471	406139
494599	431099
336694	418025
864963	509797
690583	273043
818497	383321
307704	460283
959821	627262
1080833	495155
439074	213850
1183041	743690
933261	382967
550655	503143
427722	312333
959743	704778
656003	31132
723218	166160
1034459	266370
701135	536548
1225605	201601
787379	316958
705269	580447
862403	660277
464477	409062
468722	151926
378438	282451
381501	359462
514829	319777
1072290	445340
806938	493889
603195	118672
348506	151997
606286	400837
964292	422086
568612	487390
1169030	656534
953159	442803
2257621	247794
523760	196523
816531	596525
383054	309238
780980	670646
534767	335718
386921	N/A
701156	391720
360499	335140
494827	410200
401146	450362
403776	421504
851973	589056
953188	578477
535509	287127
566336	16741
486972	219602
468567	295811
404567	267214
436093	511679
458755	235591
819928	497736
459253	230187
703064	366795
902979	502072
501880	132673
844163	743852
958724	413327
533521	17803
703061	488896
994523	526754
986748	672465
456502	234736
640153	259607
652744	15668
937111	621894
916018	701418
481185	407642
486421	191697
632475	410749
452969	365480
514014	20052
989373	621408
748525	773722
1087502	570962
778587	101414
576629	464599
956771	778786
1156961	151078
1346725	467407
1008833	325521
1156989	849411
1181557	697215
1044159	763924
1099935	452871
590423	265818
1250246	308784
858166	335453
807067	386791
1190893	660979
970395	444773
1197491	903408
471488	224493
998142	783382
1459850	579801
1496854	657352
566099	498451
665493	605419
544256	116914
467429	347912
835271	484320
1165164	314366
479101	251013
1108110	148395
1041061	396475
727560	42673
1045560	705479
626495	441084
940310	771531
949205	856091
1002752	662950
541337	344484
703970	491708
491957	587037
881798	577920
475248	241463
485625	478071
769959	346504
437140	164084
479919	153178
444714	459148
433949	417083
363819	296357
764805	491484
534725	271302
657342	22809
390445	267740
431441	282036
908438	592213
413530	255869
382460	432174
1015143	453019
386123	294799
965490	618037
1009205	339143
490720	227385
732093	645447
1720274	346534
823647	518928
336326	145595
814646	657157
738687	500105
421181	330157
858540	312617
343820	17245
672565	574758
145257	N/A
502931	51106
517910	381358
874794	416108
487882	412043
952161	195717
655730	15055
559062	457098
683052	669189
462808	318868
1095653	464016
1176255	531673
868968	48518
528887	245880
469263	267505
968322	671808
583502	424306
795931	446382
480577	290320
526353	343229
1088860	562210
1051656	557250
505068	401060
621072	212387
737206	564817
430071	447799
1030379	825368
1003653	747409
820505	730589
1003915	517939
492475	408658
519489	193315
776984	31655
1120737	735502
972323	473409
992612	503352
465178	431416
830701	106347
615824	478785
958462	533748
610097	493074
761640	608475
536443	170027
442191	300807
539642	335378
1114830	452327
445814	187330
547629	256471
592801	508219
764564	333489
433487	423476
708127	293755
515345	213946
458187	368450
455263	251029
806855	396248
774513	541040
728846	584060
493022	75955
421891	244700
432404	274993
748149	645093
920283	611470
482207	261263
651108	12657
495304	67487
1008867	466967
440473	132301
470328	280218
1058019	358943
719461	602591
433996	343399
349458	265996
346304	164274
328461	425093
1557944	505845
798947	16868
779633	586434
898250	213289
416434	273070
476459	120342
417018	183540
1018331	357250
753321	189483
406087	426754
898602	93220
549424	249462
1003837	581920
612774	323270
876870	23818
650613	393640
432612	212109
430806	415316
466862	365219
482022	279748
541700	321879
469179	17330
933789	423580
541854	278415
684744	570350
588358	416709
526479	434875
522843	303694
510963	485934
491969	419046
1054215	689748
884385	606417
1012406	351651
1119673	631544
1842765	540097
441834	302153
793213	40259
690181	283645
537482	374303
727805	371528
1012852	647830
625306	401395
993414	542523
1309619	392312
356590	N/A
1573111	843120
1510743	699540
964245	573470
593281	296319
537806	425023
1200677	283472
755057	370394
652495	360040
448544	409421
652703	320490
833718	613334
545576	279259
1272892	548501
1136719	612909
1298032	356842
489758	283040
1216546	638234
694082	544124
728023	367775
1233638	425867
1215796	214162
1195648	772652
588992	193076
601316	285686
448448	270728
499617	22602
417292	82125
607815	351287
580783	484318
502985	404537
772922	585089
432952	473899
882733	575018
877714	229635
485712	264033
1251193	379877
1198415	884396
983865	887578
759299	394551
924750	660504
1016607	798393
467925	240541
823147	11075
380724	367724
815734	381078
441741	293475
511004	183141
883429	324532
524202	367252
486360	472246
779572	522298
566113	220485
779537	566176
379552	N/A
737483	654489
467358	433787
478568	532766
549663	411957
1032413	317006
1253497	19977
426829	130362
431022	340133
826058	470884
426806	400157
503523	402869
886962	739968
845810	577171
927429	190462
554811	449241
390918	49890
484949	320727
582590	394017
468419	34140
489506	503671
740358	509147
556244	12278
542590	14099
718266	25697
140394	N/A
165486	N/A
788823	737791
780274	404370
359236	344963
