326927	332678
520678	116600
672064	423944
552996	560888
365435	301706
743842	427398
378426	441100
318180	348660
379426	395819
383743	336124
515262	160364
676069	730765
426945	457755
848117	167044
710198	436601
492614	484450
770646	726835
686906	613652
351774	344868
381051	392757
745362	291542
357413	854710
638330	441574
874970	920581
450280	357027
656615	406845
750531	558317
343607	17308
333990	365541
640415	533756
303511	281939
518403	526191
446050	429850
353875	318446
668215	54189
436145	395871
585345	494906
402988	450161
522058	347750
369352	281294
434433	510572
783085	920904
401856	265522
900491	639214
1259441	640890
437421	419836
579913	429207
315676	461528
896077	570608
843679	1009408
405800	305251
410753	516973
396828	388486
430868	721908
1345753	290207
311261	362721
442551	360470
822643	655517
749319	229510
487272	373760
894067	677711
544201	352469
847234	735531
831671	931228
1029134	471733
535172	495875
863308	679637
1191045	537240
415783	346891
911264	388455
802522	172122
388031	372985
482579	588621
1483631	313261
917404	484876
425854	263291
481973	366067
884400	572954
952124	817236
1041488	26497
708314	19574
880078	391564
397140	415975
415992	566180
705708	560283
994449	731433
557524	491682
469142	530881
534707	235404
822931	1098252
539743	17208
843870	451272
703464	686750
998520	873096
374587	447119
724777	596894
1010068	756859
477364	444937
769794	629418
515466	404523
1010870	406893
431026	538654
1014055	416184
1031548	643542
893643	728092
875798	857803
891084	728542
489500	627931
814650	539003
392501	338214
564360	555381
563309	711099
656018	435342
237637	260360
908184	399260
395271	516568
664514	487394
771180	824775
448915	546627
616495	63467
776019	676191
858477	436649
501354	404410
493102	335926
907871	543581
329910	266651
825246	435483
372879	242555
530743	455145
375557	N/A
889036	563209
849237	1005980
510248	323070
734972	616603
720052	478988
1183385	382356
491535	504859
339603	372204
839887	569409
580207	483129
835141	973495
684571	679759
773263	730291
476463	384742
329789	408887
684648	599951
776330	401481
377145	340504
721797	760075
746820	408845
554568	648308
750695	266291
344173	369914
486681	720143
425128	198716
503709	338364
327222	249685
463929	N/A
869509	402736
364463	374818
656695	517581
427189	396840
355969	186511
310972	293562
747789	738562
574841	118041
475892	414137
367601	316183
508443	395902
441850	161844
831233	555829
437860	443134
574174	407243
544354	182964
713494	613811
887836	417937
476525	439097
390102	470098
673521	661476
985220	393442
757029	458282
631589	101065
693495	386837
716859	419033
371846	240982
451177	408856
411477	257249
552426	35421
369260	409385
436539	213082
459848	23129
681146	684249
567091	21707
112188	339813
633436	318645
777478	719129
489253	495042
844739	659595
391972	435876
499500	403720
750868	434000
577222	351770
838057	986185
1047633	498016
377629	377455
535796	218602
349206	76647
1119520	445888
1026352	456625
524503	340345
615198	379268
517247	191272
365340	379740
441354	168646
752668	201760
351198	498545
253333	369054
626416	223659
758005	158019
377015	525018
362859	143481
903774	886020
883389	766724
1066805	804626
768106	514383
1472598	706760
1104444	663492
568180	229289
434241	458525
403092	41406
584473	54821
972121	757628
958372	518880
859664	16878
846374	384533
1238749	789882
381170	365692
466430	215964
926492	26596
525888	667611
427026	287797
1201284	527130
518150	485785
967803	541168
846882	667244
462352	390741
693048	55521
894711	613815
436861	28846
919096	665125
593377	507906
416581	26475
940407	481628
914535	482789
795200	350388
750864	608122
643512	389761
528730	595097
572489	42065
605532	802930
937870	795019
853894	1005112
801371	714743
694583	646002
349556	379262
529693	383696
489467	424411
575150	54996
571900	17516
399271	33124
455135	549863
405310	343328
737818	694514
668722	456038
420310	429557
914352	765114
835972	735838
476089	117263
399950	446863
424325	521838
1032170	464388
738352	764985
507532	342379
888732	914092
693775	537975
815326	410518
546063	315785
562909	762890
506214	151688
437310	296255
365385	150483
342965	178403
528802	421720
526484	49193
392132	144751
391944	15037
550376	213989
491354	226096
849956	556128
650664	834997
425196	444422
495367	743836
409754	19272
369637	454215
436922	172386
511431	106644
555031	384650
409497	246524
750602	863492
348647	288364
897886	496854
798122	360529
598534	N/A
443373	417994
823534	N/A
389793	175439
474530	67090
1020920	791178
449611	320379
593089	568769
448084	31525
869276	623325
882143	718791
436683	346038
841166	82322
927107	538480
539665	375392
294078	316641
413116	344391
399298	394026
689541	279157
593687	451817
809870	549298
770633	420681
748900	352063
722158	647870
637839	611222
337669	656918
1143496	686486
409207	212944
473928	439368
955052	517333
1026270	387335
759729	380982
544191	354304
641455	521628
408694	328955
386588	245257
769198	863393
338505	148956
440122	68032
442531	391642
306495	28161
868478	224187
450450	327353
448879	326182
337619	360840
720177	618716
1055329	279541
613185	540843
574114	279447
483722	328154
448311	431110
747025	584719
876195	241059
413439	286648
407728	243810
458187	589357
402596	272133
770794	858839
358622	348616
828712	409603
568602	350190
401286	218824
479412	406626
580359	694410
414845	419578
425558	177739
304238	248395
882637	487964
798037	557757
662681	468096
413351	175305
638307	480240
850783	603818
394139	424173
350883	345080
329589	362203
504728	339915
908352	577115
660344	139970
454811	134487
411125	412546
387998	335878
676919	382527
1092869	777119
932196	564035
412126	390014
439862	316090
1118767	620948
738564	424918
766693	860135
555549	501738
424976	387275
476518	368739
845629	154840
392427	240523
448138	289921
787882	571236
387570	404382
502179	541169
671300	347781
550013	426571
836582	678776
996140	692331
798483	146093
475525	326514
424724	522896
372853	360117
853232	241318
580192	179926
61819	8388
483031	433349
724627	476903
440073	408746
422972	469026
375639	479268
378163	390273
899601	362320
1019694	597336
445942	337573
1112534	558416
795983	439952
315921	317926
729895	468453
1033956	919978
540129	160486
1250730	812200
372060	95047
800923	498465
613765	303974
567457	82699
410517	318926
646089	37262
806207	653659
734203	739302
1045894	761814
429312	436499
381794	12551
920527	522418
372032	383293
451816	89116
1018736	654743
956478	449430
525510	507869
765774	547446
858841	397006
971629	338596
361144	421489
994213	587333
888573	772995
507788	37541
620277	719459
805462	622098
1187219	726370
417963	107664
820493	641801
327918	315154
1299872	370456
704388	590253
1140892	508562
771386	43362
368681	365656
1088206	770538
418560	275951
715922	607888
932602	78676
725403	711913
544131	347289
584570	311629
538424	613229
472897	34420
532569	443374
671187	580772
905535	662912
1032199	463647
580780	427349
404009	334497
525532	571981
972602	840211
465769	567125
410009	591125
630915	303158
1071657	549667
433125	337098
519334	409872
334556	359362
394807	117251
534916	435623
480047	246287
412170	37165
428260	424491
382279	319284
889269	284581
329761	274007
1536871	710069
490088	476589
837569	769817
719224	643647
687446	603518
930259	659139
391087	272079
806794	416762
352040	294499
933166	341813
410221	284101
411752	23380
431058	115268
606036	568812
485784	300886
474772	19642
637927	504086
665635	349476
812863	498222
212372	420383
364871	270702
403298	136069
261658	330154
376998	334492
584520	529579
547418	43343
768950	522253
402948	404637
532924	610730
310746	N/A
615181	396469
295635	353701
811406	435278
386487	303277
481384	371098
752766	711766
325101	334379
555443	43348
780391	636455
434615	413877
799060	475905
676813	408892
729630	551778
887772	700891
910381	291772
839555	699685
772800	410273
521341	296229
645550	322610
418961	375120
389424	77339
771715	553452
297315	704250
693264	686994
697888	463611
531860	159329
325863	250699
926363	470531
373606	443113
864875	596614
370258	431652
386452	408292
741057	485431
833348	303713
510882	429927
1009042	858912
309039	328284
967292	350865
934073	362132
862925	683084
568542	203198
411574	521170
963598	412123
676647	346740
441164	301600
471173	441289
716187	566275
384572	399378
389650	236920
501895	301930
899871	323962
435169	257202
887031	563942
836276	786171
765453	43910
437748	384186
947739	727653
855937	821571
823246	598876
354942	92428
989991	566847
896236	1051730
866079	741756
913971	378391
827152	460493
874044	321975
487262	327136
930910	757553
1129147	742791
314739	351508
428539	245855
1089737	822546
652093	390558
844301	458734
535818	324982
326489	355303
525556	361822
623718	935568
779208	374942
474592	45835
528588	187803
605891	600954
822189	368305
1021279	546210
444708	370089
839129	613325
579146	278778
363098	331561
809148	579650
630449	21857
643793	23755
903550	732788
526928	22973
921930	754783
451922	14083
546370	165739
426946	467172
460887	486148
696497	510144
370171	289496
307113	302994
835438	712321
432338	312034
670649	19156
705878	491150
732399	750244
848957	419248
474852	100866
561059	428810
500536	524179
830071	769877
873301	805084
686812	639681
799005	387693
546657	451066
478082	363265
483941	284421
585180	195603
512841	68366
892276	497901
325368	264268
685711	260680
876172	618544
824003	839928
486277	16735
1002283	799606
815997	613862
862161	18316
403707	638709
430263	567826
476366	463512
1263768	560547
648586	43584
956835	431796
829983	484475
1090257	861962
354251	234438
561956	424082
410286	648044
757309	754682
83803	142417
430203	463509
417603	531432
408614	140060
534433	512059
362418	49143
791633	549827
621217	566368
646450	526726
823075	801975
381416	434297
403628	491472
697535	729185
538125	626716
565870	351398
664456	394146
954662	710278
545782	327238
296664	320587
320328	431372
661740	394935
974476	745439
1067041	779089
887633	710557
476705	553884
331383	874754
519797	276930
584464	474307
563341	38200
773486	546362
703583	471698
381606	277870
448140	575833
684691	516319
452002	460497
344317	338101
468042	354781
647738	380269
725333	337781
593086	48195
459061	374013
335494	291585
900656	473630
343039	240833
886339	806696
785315	297442
588423	311573
919309	685970
355834	220748
400285	321286
449020	498336
636411	28984
324542	306216
758564	518013
370096	256845
389735	101314
367220	292522
373495	168636
382369	338675
727109	555988
363406	305623
446828	291784
384546	120146
589734	18355
320594	176981
282754	357808
286010	137855
786360	740628
362352	389752
362772	370582
349678	167997
775083	480165
666927	490052
392484	406891
724294	426885
731128	648255
615347	30933
271409	25880
771464	587250
654476	264521
527537	647741
376784	309219
384668	443039
338718	283746
296171	592854
376112	260918
364166	412856
403886	202034
393871	262863
821679	639355
330142	216962
653058	537983
391654	346415
410893	276186
683790	427355
353360	452962
820668	524317
319610	280518
342744	219867
531460	49263
376219	13729
520098	204593
818430	783151
730719	570759
675691	348222
382458	354617
793710	538762
774746	692740
957961	504303
314495	361679
615730	703785
523571	515591
331651	443166
974044	834566
377585	472584
916477	882226
888925	690997
754630	671390
909960	364326
829040	360369
438168	511966
417517	41053
521636	395913
394030	493310
269550	87747
438063	403374
839919	1045213
823281	144887
501758	269527
340956	420392
1019071	702078
656585	32865
841593	494288
393936	354713
456645	18379
980346	52293
829830	571897
745551	600865
477726	462987
873737	863299
705431	464371
795681	589579
392073	168711
934193	348615
580307	316346
473124	417860
494155	270169
379458	347262
555581	641111
359244	240095
620225	402656
373778	295053
676788	441595
395392	314858
378624	345835
840618	699774
855451	801352
806261	746170
873417	870498
412565	223770
827234	415521
329090	448726
521720	66289
930090	713459
921313	764454
1023165	752722
363616	N/A
911303	491840
376288	359243
430181	368441
784610	776547
1076613	325417
514378	11257
416645	242316
418824	417425
693493	376942
705513	446950
764286	715273
963943	548063
598796	165536
621624	467896
877822	810596
821077	545246
951398	434837
932674	146147
361070	359143
844819	386313
782087	291254
1074205	593966
187480	12924
509232	118715
1083015	673770
490561	586069
425362	367437
830974	675309
373373	425638
810925	598094
458523	359911
845787	610769
758398	792519
398604	324443
933022	468412
552157	316107
866317	515303
404769	200894
717592	479845
742962	223638
764171	462563
913401	426242
356856	387880
893602	614196
638332	629372
761391	251291
455320	344828
447188	423102
338821	326833
484450	461659
417148	272854
334348	325058
335653	221056
369563	267606
336619	370569
345881	236987
472125	35240
453024	324300
892250	433168
598609	470090
404645	227547
702332	448546
764266	612543
427439	221535
549213	525234
703118	392422
471901	17450
710294	685112
407686	293827
321161	162018
326418	633913
362965	301384
749749	N/A
769304	725319
337288	195435
443937	121257
371136	310865
339100	189158
703916	467354
517737	548536
346814	401864
748584	N/A
623200	526674
738850	371489
319298	235958
265190	306092
635522	N/A
645257	528523
431102	126463
673476	566819
669903	248130
818500	653041
583196	551991
405106	345454
658363	466955
707463	405344
621794	402388
270348	420067
660729	416305
735437	358326
797878	661242
732994	401061
369029	218840
771234	462332
343082	422884
346216	398332
350575	447404
369722	409801
729850	320746
347819	549787
382207	487718
487329	376663
986769	329876
757062	565276
445636	410847
719122	530391
779393	468400
339437	395093
489553	496191
538308	80748
405004	354306
916303	520687
619541	554927
335306	653389
569389	491710
518018	406008
523105	103044
656539	909896
769321	737523
444148	819071
442772	262147
462960	575995
834932	814213
590565	243308
788102	678528
804559	614188
722842	807310
374251	508572
518389	462744
749898	198583
383451	177146
667860	747874
1052116	415523
486051	426384
1142997	782857
778535	458445
1089064	653625
451786	122251
412840	609415
801849	705603
496678	241958
980671	504359
513595	455490
928779	457373
496816	434669
388344	373416
709545	213415
980300	422290
187810	416953
532612	32699
526915	511141
622752	753269
1061400	916429
369570	440371
476866	400137
427667	438964
827065	458809
763941	763649
346530	114600
470023	583435
432263	328093
368371	356787
711731	36564
624424	374036
750576	943649
463251	538056
429066	273943
852191	642547
524562	521019
441978	425117
922921	552626
869742	824097
337920	261249
441914	408474
305766	406553
429316	80384
319464	167514
679398	876194
426731	538831
600853	25406
817402	500520
677351	490818
432371	517459
419359	356833
898993	632114
837350	558145
767466	383854
353833	414499
419055	329178
706703	439815
435041	360141
676714	461232
350921	444071
521310	306332
871577	714966
805945	589316
328981	292011
325419	153925
994065	747162
577190	349420
679554	440790
759326	720245
792124	651246
933018	680816
759319	1220354
979652	522397
363600	179956
385267	310537
681753	629836
709691	797524
308943	330633
300491	423375
623584	20755
344140	13207
327646	304326
377193	225118
422367	385394
294117	257835
318774	389119
566131	348158
378960	179805
315532	330296
766525	430529
650672	498904
432227	285630
643368	927252
738150	635816
536338	287539
716368	594071
696088	170905
602767	N/A
527155	197261
1001784	15196
798173	508832
1147957	798636
871134	675844
538826	333183
339265	322602
750867	590791
562633	721450
405324	123892
316847	327806
505189	147739
729222	496782
297253	183926
730701	511278
356523	417921
674215	462155
375643	251214
769218	582549
526896	708058
817589	561371
372260	282639
824079	764219
654163	677069
478239	139975
370768	248347
872011	465660
461946	441727
858563	552078
390043	653228
821451	186126
819713	633598
970964	510240
471227	413332
412956	472410
497590	488806
387572	326943
738458	374965
404139	472738
565344	346934
424164	364687
914320	565885
342840	337838
414615	426534
887091	412863
445171	468105
403055	182788
749949	401266
599552	706845
428597	353512
351149	128957
474044	451548
665531	35122
408292	454403
780429	732524
506796	23569
308673	82058
580861	575895
359434	302755
893919	436899
474844	333023
379823	424173
878758	1049741
436546	357337
617184	529017
455373	381351
813048	876160
551077	365889
407753	263192
959306	685895
747097	571671
646342	247949
833985	519755
469957	358703
899000	718382
388519	289943
519932	431223
891490	637161
655299	435497
959266	589947
423574	464762
386649	336418
1141295	362549
1918485	621717
628434	105899
672633	649499
916605	898028
418045	488193
737405	717301
772894	377448
421389	523296
453844	315079
116168	295845
604681	528183
847878	498087
373904	282306
830123	511357
977174	497863
393257	378084
468010	356834
857495	856112
389490	418292
454453	562783
1021870	558834
461346	32192
989869	537549
502814	310031
873497	739960
413940	511904
434369	274404
494407	291095
830530	556767
816298	454219
784186	822310
426030	372094
748552	607387
537337	232339
386609	475835
345720	832809
556027	150247
407661	332273
484075	280930
831092	518761
384579	271423
390286	460838
528818	21922
715057	574742
212706	456527
379289	808978
420695	58700
394843	351465
383164	226192
555267	505788
897522	603058
761279	806132
290437	15620
385112	526731
530635	16840
631409	520240
487334	176076
369339	410888
380907	741376
857145	689878
377969	251461
590747	28088
677548	465541
348082	380026
757518	612568
731590	472282
692083	436157
727456	366803
485313	286180
780730	721628
940967	547694
365418	203569
471974	423733
380953	322522
445691	324369
409708	352435
878197	712102
736687	704105
291723	186896
595994	336079
762578	501105
594307	678359
726625	399539
580733	618579
639726	358870
51596	297142
588346	796979
463747	154220
796985	620377
310115	92634
741084	537490
583252	603853
468544	351221
710292	572508
763080	497324
661087	417509
312311	203265
341647	321110
733683	520394
466295	393786
295685	N/A
336437	396475
286775	908227
417895	367012
727999	N/A
683665	481621
392652	165579
300579	158100
787257	666398
652496	245576
834653	469385
701541	294830
735514	744097
720589	479411
396581	16686
388524	153945
827122	810910
480717	278004
574755	96086
432150	398110
812552	766951
721771	581477
581888	333478
244045	238429
408781	380719
386916	471072
364334	438337
453430	374745
833736	492658
401763	442920
763578	695316
801773	1064650
562016	339489
421500	496412
432792	60463
594240	610273
573837	20508
753840	137563
597582	284397
378600	331731
363229	414514
522691	259597
389896	320971
622256	508693
701690	958874
359733	255487
832881	661683
363568	318082
732811	743439
330140	334907
357302	488563
785599	846300
755798	713618
810275	489744
588323	345821
779564	469684
933104	714449
634682	270498
655407	770027
823169	580382
728984	695872
784663	552763
537896	466639
636668	212144
997578	785323
406201	1041327
778438	648714
880534	758966
832382	584932
345058	428460
465932	400172
338635	238860
1113788	860439
630486	26424
386517	331115
653025	390252
469775	116188
63524	N/A
747054	461837
371783	365396
832240	772427
586505	384930
815269	465349
805530	545800
1184325	163392
386059	271759
992031	643408
973981	659226
688096	381412
936872	803610
871357	745447
420331	318427
205374	355203
431568	363876
812760	638901
483183	378432
526372	530599
1096583	1015985
500190	81359
871622	741628
486061	406380
420009	520071
382518	406150
1198302	509475
1357722	573539
1034423	851477
542758	111682
750651	699094
507511	334463
604432	851254
359591	373500
397240	41087
913098	611503
987394	724106
399881	379062
533916	390834
458236	449875
367586	303925
422777	336672
753888	395422
786358	858290
767630	470588
858026	639406
896969	463288
386740	356445
905274	560142
354663	249074
575543	582442
948850	739330
500294	578827
396905	360867
772347	584839
642393	738682
1030913	361274
798268	711990
671665	715109
571793	59144
984110	493683
507564	549286
419989	327552
515313	202131
909753	739914
752551	603643
865426	600390
780320	400145
522037	290146
609331	667838
753209	1060740
694360	756482
787642	669793
1001817	662382
664146	412568
349767	322297
273327	371442
684945	774319
605429	633640
413714	352512
534531	447659
1103159	575240
338682	258905
258328	197958
685863	607931
390504	420009
768610	740839
469243	333974
520191	551893
357044	338808
349237	302119
775738	861527
363865	633155
788778	718332
348665	452277
653017	385266
1049539	45137
1145847	681604
709506	305628
777415	467572
572735	608592
598959	449640
578936	306482
347737	301323
584151	340565
185205	519849
700114	753822
556920	467009
801615	659450
366049	280494
835476	463771
386106	403705
426721	258518
690370	672163
461915	393433
882522	515811
831235	534560
744451	346695
336428	736160
867214	544934
314600	312867
627130	29250
458407	404636
513776	38624
780283	641271
369474	355656
415482	506774
486588	525433
546053	632536
442198	473065
766182	857815
639576	61846
692822	381661
362443	268752
669542	588726
759488	722224
383531	370900
347891	369349
969071	466713
501965	418027
694482	952033
367020	154149
1000387	601681
937682	121196
869287	759958
364397	26530
484551	90621
831100	297586
814778	141553
1053198	356086
396922	334571
476122	22581
445031	383787
737214	651089
572126	412591
1003665	501682
361456	172170
752321	540329
822668	345317
556695	451352
595731	616810
932334	816132
347042	194495
977696	393382
920117	467668
676567	467741
808358	661900
349512	157875
380877	9329
401203	111827
623557	327168
742222	590702
318735	68738
534382	175510
257618	251898
367874	365589
418637	310812
271611	351714
812806	579011
738689	330829
446662	222855
350980	198730
769463	802092
328721	285266
641580	715867
655487	606414
694867	790767
838611	391961
626696	823152
345258	33899
681459	581781
815463	741189
342564	384727
460490	365035
725744	716007
398704	23963
365246	408734
904367	234912
838254	572000
334083	296873
1004906	536864
703591	611877
430475	728561
933351	849178
910518	569722
381949	328727
989952	549488
410672	308240
836223	499310
511777	466820
441917	527947
831611	955997
642294	178793
471855	380451
1049475	147648
484164	152872
474808	213809
457738	274109
963989	472662
745576	427707
900247	533135
1210248	363229
408406	391837
441090	504708
479190	326257
374124	564645
483826	72253
392590	476070
318037	288277
788897	621369
772966	716431
834845	522938
455893	314089
304627	409754
550589	337978
361049	490765
756989	595234
377764	166121
716921	631112
452419	337360
961145	460495
412443	266433
569245	30091
679682	708290
364101	458462
462001	305200
945757	601576
487553	24369
321602	364151
533597	401121
362974	352666
601284	83699
382127	412935
581423	507834
703190	854908
389036	340726
389269	343726
326383	667738
370741	394873
523876	374464
398552	669632
412974	57692
866500	989088
715283	798714
884437	395492
354520	642060
389720	206488
431156	366261
406235	244591
526515	457793
395108	355862
676394	568514
454667	38526
834936	817664
673358	193638
329654	543147
479416	546131
791574	471402
784613	559296
392912	437702
887345	394066
432062	155620
863686	522274
772458	771818
481358	578533
743732	436684
767214	535789
819876	600771
801447	657067
811317	756789
507059	437862
758478	718158
384837	332928
500592	369839
531933	484851
310328	189296
531643	37469
601376	752890
905253	533322
861062	605192
872614	478938
403617	218677
474426	475137
427034	279920
934590	643484
483668	472149
918776	278045
1046102	532494
597033	831497
715878	55437
284709	240018
778245	531391
706155	734794
577467	181422
705109	496508
380604	316709
780514	729139
884414	631962
754778	573173
619779	889170
385995	360001
663701	352136
868455	398780
600166	526265
672162	738856
809769	469481
301202	279588
372199	266012
374787	203932
337289	412868
716480	670373
344887	357575
379411	442807
379358	50370
410847	318632
777711	844844
370470	317763
665959	471042
750876	529812
333166	248903
870849	686128
1031080	446819
305378	354314
367266	154764
525341	462280
696337	319414
526638	115499
528770	447760
334992	346360
845079	596373
699040	502418
364409	61169
490766	242794
678521	475290
294528	373766
907085	518941
418952	265532
392809	144200
837061	407580
749855	786677
380962	21373
799676	313491
338968	344588
577818	534274
280081	190490
887316	237532
348893	21571
971871	532375
450078	457595
500561	252194
451196	173322
473949	295663
477640	N/A
832654	308534
499298	306528
668651	397699
438607	433674
755954	736971
895970	656851
1201418	444599
477450	222438
522871	326003
934273	480019
335969	126252
791761	391667
764624	540286
401919	445613
453562	332466
446689	238141
580370	59956
335245	130817
623581	242926
972837	239739
819948	640497
521993	444048
491042	468092
911921	598677
1100989	871933
767022	344380
481505	519715
732678	34592
935365	535391
618697	337398
732890	533013
577258	16878
772838	488573
504504	378759
878024	610051
445003	336552
837861	584308
579952	250852
465617	324728
460635	299936
464003	366071
812121	473306
811473	445052
839630	577989
436404	339657
1212825	623190
894823	729087
750048	601256
608750	18672
370560	300440
659567	255665
482736	280332
1058178	326766
379526	189603
330541	290541
1185530	630852
516747	1118351
1182788	821245
925242	823449
1045483	175380
404232	218460
446879	224496
912684	729043
436711	285162
372262	425571
870351	597251
748856	584755
484459	489871
788597	427500
862648	592910
585216	451732
1093933	709053
938361	523897
386362	214123
483483	433702
796717	486595
366607	186652
777528	416474
515047	514046
755509	499908
572530	519443
476641	269863
1082149	540409
999550	694752
934522	418142
676355	246044
496415	330601
732654	577121
851119	682596
591434	389946
961439	409555
742508	717801
813397	488986
573217	109495
622843	353749
977318	579821
569706	299178
491876	332523
949614	462585
430726	277762
704376	390404
439854	484980
751711	255317
546399	290959
401037	185415
920651	21074
976221	338476
402135	230274
698021	454338
783627	684353
555149	16185
517334	441650
1052262	730637
651092	478966
533475	584636
934166	530493
678908	348334
816872	528953
854209	424504
472424	380685
1011409	780019
748481	490766
875193	758290
561929	355222
688888	218029
576190	N/A
409557	373297
596363	15152
539725	174151
894881	342786
306955	139471
296475	233211
744727	489397
405735	9145
709314	306196
429487	399458
259109	292829
843569	517332
370435	11010
694378	153151
273066	54765
388722	285740
597741	379035
423689	59607
476281	252749
603713	291130
303759	179399
267350	212847
483774	461002
534287	380264
371010	98975
790271	414205
504396	658016
796311	605580
355620	22105
787943	785842
432585	207838
277376	212375
728119	493631
187056	142864
290068	7833
267614	300401
726478	575058
479515	400862
485905	267341
341427	200772
821405	586638
714011	297801
819617	486279
687731	491704
638846	14565
420233	377541
348064	385727
364253	222078
612041	531727
413719	366769
342795	286493
469486	19654
461206	367656
389809	216047
470718	532854
820750	733183
404526	290416
371729	53968
923466	555415
375469	302087
383983	351913
766416	325187
403902	448522
570407	32750
765100	510702
817177	420762
740319	671191
942343	313672
753301	710408
373228	418204
753831	423688
381238	319723
854859	842577
360663	289932
438827	365466
566421	286040
427713	189032
369708	679893
839805	460285
755082	398786
432502	404512
776796	438240
714386	706544
647643	490232
704117	488585
349356	71645
377464	429537
491624	518557
838703	488488
840848	519711
399412	601390
429834	243534
445819	338615
764712	358684
495326	528643
849016	429965
520958	342224
460232	368635
757378	510022
450056	459115
490336	426088
501045	623726
1071221	1003774
415504	298043
574286	241349
1070639	676639
802473	867596
445890	451707
852994	254982
752271	745456
385594	405269
346141	295674
689136	24864
1014122	866087
970819	561997
372303	563440
391963	431940
362445	33279
469387	350073
560825	829018
867145	703137
405701	325299
683860	539742
357591	53582
471186	450655
867234	484938
473450	461494
626820	28928
960411	867641
757764	17704
1293533	19993
993130	441675
430411	540204
474847	385518
711391	23171
511685	588821
974604	688927
910183	877312
696267	616422
833442	609215
1168518	765758
1026790	151540
413574	303769
798118	40136
541814	329220
532439	706386
920202	889283
851155	766029
962455	872558
1012209	686123
1057585	436026
601705	93357
915179	648690
826276	477792
796644	471275
918031	753161
1117229	382484
721820	664002
790716	561361
476699	411520
583650	312569
525766	380614
415286	253008
496488	503744
1066235	772320
332096	351259
452997	246764
548556	376758
984518	510931
922310	938647
790596	524332
481683	304817
355391	488134
765434	275260
357103	49137
785548	479831
567676	765819
372176	225675
555865	819777
365177	318695
367943	506439
617589	806783
357838	298160
434672	321657
868346	760266
507513	391903
784161	555403
865560	506519
731458	476190
516610	427777
421531	25646
889352	557763
851926	797819
892188	465699
503040	445710
479787	526928
700329	551804
387657	416947
366658	364697
377214	107408
342535	N/A
327332	377739
802571	475193
361868	442672
554482	316032
453386	400753
409616	411998
316125	306317
370480	336816
652328	790570
598570	535002
411206	295868
599051	650353
311149	258363
903465	541250
392409	194651
492255	461761
390199	287821
782780	678595
335700	151854
831950	719051
559969	448859
336872	357118
776741	375573
687217	829259
318654	270570
643492	319866
625553	357524
741014	632370
263795	296549
766242	800168
784539	506033
800461	619038
710103	347552
471286	446309
371838	312010
680329	709897
413131	546745
875334	733910
570937	711854
466489	301954
958691	369454
453935	352922
935713	575093
308178	484145
708493	477102
884493	725290
896685	506989
655579	380756
1142088	503982
376103	297583
359335	399203
363799	196072
621923	56195
1277485	907104
922270	638705
403878	392635
851804	480406
522606	391197
679540	297370
634141	448457
374863	365514
569067	402418
1230694	660588
973931	452314
928255	970854
696251	555638
559247	175668
380880	316406
549463	424881
737336	455492
453109	423607
338349	311452
442318	462321
350180	262036
421935	161682
650690	425547
909226	910897
1090324	1023278
943494	879917
826264	651794
720521	383927
845365	640375
1179801	334227
958887	739595
867567	833811
623722	310525
564747	21891
453758	440327
490297	384755
485602	492711
418864	367186
450786	325870
836034	669143
825928	935586
657986	693410
1029424	587345
823356	696595
904494	780451
1007149	580474
493467	19182
824166	762357
799917	983812
718434	36658
311496	164076
962232	943694
815414	82082
944339	655048
723258	530550
1100007	817932
735726	357675
1121928	855917
1238655	477490
389823	535009
611638	104835
927646	685051
748525	360260
1163435	819813
985197	474911
631959	132741
676802	96562
359742	449296
586888	181692
409827	300788
305403	24694
440172	355441
430459	302140
616805	419104
341830	228425
390745	362009
924077	739354
974492	734409
648849	22619
653958	723175
497594	479567
1131372	671729
1125302	740098
502471	538725
568976	301384
678423	17546
811697	447458
897155	533336
977688	626558
423516	300306
401487	277666
787371	435509
820457	849959
387327	219400
1053571	888321
769701	552343
361543	419892
523848	466552
385509	476278
515725	504235
348072	361273
740061	488256
654452	512271
499100	394554
452834	478350
475881	44001
350943	397684
916082	549504
732133	323774
907515	295000
753229	706878
604801	593361
897244	315015
331940	16198
842922	692672
809110	462701
727678	875849
389009	321899
631177	711933
416107	493751
652515	610389
435192	346754
712492	841864
397132	323576
669518	393305
721805	432639
559615	370406
320552	239914
387001	209298
239565	294639
811648	398237
350007	229656
422057	219993
517541	378639
352759	254746
546958	390286
423994	381412
314951	20607
359557	351695
287455	337356
399020	130539
543317	43032
856078	331452
820685	356270
659010	729441
683028	482750
814753	217342
477801	42391
856332	468681
356237	264604
413235	412912
855631	680413
349623	167160
998394	379058
642314	490681
391429	232231
356178	329863
410182	221015
381607	243373
438362	325604
350765	248751
561607	118948
381472	258011
882379	356304
415555	290231
412067	457541
368182	353858
347388	272008
714423	561521
697361	792699
467019	192577
524987	467126
628577	564168
632603	655584
497655	73715
900150	451401
577348	335261
415001	379493
782455	713827
766850	607555
396045	467707
591019	254575
496213	172959
777833	501136
357873	325587
793982	538745
482555	326206
402322	202341
445414	470412
562259	337815
409960	200867
844658	733392
870909	387091
795354	842026
408985	181845
472178	399340
520335	281649
546742	395684
351087	415833
555857	300740
784868	621386
591289	410939
465362	223496
516006	424825
1069026	454779
479305	387340
742220	571450
629688	444173
789948	422284
791018	805357
1018119	562811
893737	1012381
525898	36544
459621	332100
931759	675713
1060524	529795
923164	853457
444981	317011
463336	788476
895699	613281
819485	850502
528203	310763
796687	275983
400996	335705
652484	36980
463594	309877
705870	719349
373363	338416
388676	232073
395913	493690
417318	17320
467995	52752
206753	24303
452025	333625
405903	165790
889230	650232
352428	484487
951169	526667
1089524	787131
377397	268418
785191	747499
847865	453125
646462	323704
1075305	912240
433748	479100
1045953	422742
522171	557739
892032	639237
969948	551977
987593	604719
673342	492691
729517	56213
837050	697571
720086	22138
398263	389274
340837	392704
425542	362900
972094	482224
494425	446256
932319	672302
1044453	242933
915448	771651
487643	374330
773387	829412
793313	1064771
738878	63593
1086633	849958
450777	314635
424311	122588
551013	550951
951218	854939
406342	471599
948493	381072
795131	779959
685777	630193
398260	59106
483483	448696
760148	546422
381284	554600
367624	483253
987203	511585
452481	468173
687730	498380
578382	222624
387664	247177
845361	382478
666965	377826
605159	631603
336486	402481
765076	525097
682244	446473
1006672	444497
990552	331838
684350	877268
724745	427034
384867	443024
899916	522868
764083	635184
583697	459540
396432	497414
813527	468105
752691	492524
457352	298402
345754	294435
757099	689949
733480	646691
375425	133192
358382	331065
453188	379484
474702	535455
332318	33213
314957	230237
369394	516577
352239	175995
304993	238489
394438	175859
690679	542944
637842	373674
331240	161266
495927	213382
431138	19126
508861	284816
493758	193696
353912	287186
980331	648199
637331	630072
809271	532332
418690	391814
2075709	701257
585524	753051
364483	352072
830527	740018
609666	415222
419399	161310
829909	552115
366586	401145
620707	157228
828376	243621
341258	250213
357405	213981
742695	635270
669699	520442
494822	309523
481778	16738
563472	740831
376167	14329
749037	561755
779090	738196
385111	327558
760250	734842
455271	373652
556977	331216
843174	350744
962620	496770
827003	555368
924903	699195
456540	317030
404823	438650
461022	31324
833565	665161
508633	109790
646618	468179
455833	438743
452334	163417
801243	384995
329800	326940
523430	10883
535233	406609
276729	282731
812406	489710
450409	377671
474196	468912
392278	402052
703752	603184
452482	329064
707348	568775
741409	792842
403739	193012
454136	215150
821430	635906
97463	N/A
460735	320922
834945	648363
397414	274180
623373	390138
731330	512193
515681	276683
361170	31499
832188	792920
531567	274280
541677	413578
588890	27895
434490	272037
487245	530875
439527	301260
488188	192794
366426	226371
847112	734286
642437	71500
797315	367437
925305	722699
339736	233107
473317	309652
737062	254046
441961	166726
383115	337450
530327	551730
270865	298941
871278	721690
722313	642458
856067	847510
374389	362847
919693	478911
388298	491330
881832	587191
483970	388071
1057321	751437
585216	451652
732074	19367
430632	482247
868212	81316
550071	489859
1226265	889659
438287	453086
934293	414480
890634	766312
541794	321217
571973	348602
1099641	188131
670091	428059
455435	348884
975125	811194
378416	852658
567668	297294
624489	478338
455999	109771
540687	163222
685283	783044
756103	655332
1337022	528274
433615	460204
1071681	422777
956282	914931
555833	507090
657510	465528
1057473	548745
1065360	828141
455083	51717
770628	965267
367542	392099
756274	332676
474797	437569
1150252	638213
916661	417706
381022	288760
381511	892295
1004825	738681
539990	390078
459534	137701
420580	178534
403006	336872
845766	583800
394869	546652
875313	462244
380547	381424
423118	291034
458124	544446
489830	321149
787212	484084
919614	332040
362728	403404
334859	339664
435113	309444
1008970	452396
691225	460344
658005	428694
823187	58299
891055	637007
745863	554579
135460	272939
794746	596280
878429	746323
579445	299499
436987	325827
375994	324703
1024844	138129
475805	473850
426736	361877
440560	574045
796689	768100
571737	598114
1153842	447051
384688	231522
851890	541330
681137	540349
339102	173244
393677	243076
322902	288391
771025	576517
373739	183347
381700	401113
420230	225707
592336	306236
929215	408500
388370	181937
338432	302650
936636	581133
819653	26986
398420	169587
846668	628929
361761	368189
371558	343420
535260	49539
1366165	612694
920383	362558
617474	701975
887583	670754
468507	431181
621744	386445
1158715	587801
627891	569956
745283	479718
819028	144715
353832	386034
245267	174571
641422	503032
726836	444175
779054	600383
313743	349656
359332	293778
667653	37909
366252	238540
798803	508332
682062	431091
727871	258781
611868	397520
579412	37069
986502	375368
732529	558224
946861	539566
559407	17590
315675	444796
710906	440385
782435	561616
618130	14227
1148676	511549
724777	395039
381589	219225
458046	199230
1144322	400032
508070	177070
732054	737099
427185	275897
842676	342106
430693	401634
325105	184168
388226	310782
454016	114128
1748659	486723
634052	N/A
872662	612402
463192	403888
505996	205619
747949	604852
571619	46331
455132	352308
429405	437970
763065	698089
707885	35379
465232	366853
654103	624731
460612	475831
860167	799108
532704	306451
384841	209742
914558	388678
886642	620818
372847	161515
510112	507323
625004	692703
919228	387870
510474	401936
660425	48319
539149	81819
663682	326036
989063	441767
476915	349056
465721	291631
666447	622202
998456	933991
634114	457661
448316	419572
1332690	453039
457364	167855
579459	671342
880365	506453
445527	235853
465020	181197
830535	581305
868060	528792
446497	413491
451690	131055
400112	59718
762968	335111
724551	352027
364640	244661
471745	499085
1390142	734713
656736	534870
826793	692597
441935	603373
657239	58743
927696	670379
336442	131801
369700	358237
526592	N/A
360937	195696
1789005	355245
787902	795158
829370	552893
486668	74254
490186	431501
576682	95486
511152	267209
710270	586073
692850	535485
1022552	23725
704887	690662
420122	339087
791084	725539
372445	131751
820938	461594
998159	679187
927272	317359
398032	204172
649058	23837
414595	192187
729169	782698
1646946	459070
431290	350146
514373	479178
797440	481380
411449	321759
938524	691258
891491	548325
731401	661657
1085860	406677
592217	732517
392312	212992
884520	167992
1228479	535475
577767	384006
543549	418443
590322	260129
714381	144904
819327	565124
686529	476341
665859	103592
835419	700525
817268	672334
783506	581465
392990	48947
399788	894896
970217	665107
563673	222429
481668	118523
831395	530920
334027	324609
664996	512516
698457	596430
362317	334808
546312	394539
403009	227692
322190	286771
613552	553217
1027868	206505
504695	294311
680223	340688
608111	550732
371516	234455
754908	621013
354254	415776
412543	316212
515224	N/A
596084	322461
404300	21031
812908	193681
362074	233876
1366246	808627
578553	125407
671837	621480
296665	321235
406722	264551
541616	38065
589129	302610
903507	504269
429272	28086
435825	403960
397375	328383
369142	178430
219233	173520
509433	256626
262750	293883
405644	170419
618330	411867
360919	222797
192873	252249
285008	275304
943372	564659
273224	238903
303808	15045
296370	531077
300882	257794
282297	251730
262666	197756
612050	190872
496601	361554
580801	329131
670622	324089
311785	255501
260484	281319
610896	340897
227166	282174
515665	305048
509469	385593
242909	210062
666753	164016
356840	113356
533867	225239
526089	373836
510735	221676
577114	17254
297768	164011
321417	34649
635158	325790
296586	235859
451430	400776
261309	345004
670249	436481
710463	672474
825440	454458
332226	320723
361565	257427
853467	551168
724070	307880
401761	419542
525319	589043
732306	306083
377899	310392
663099	402401
340721	214292
658029	397594
534111	29795
742407	540110
787080	624955
761008	364407
835492	613806
436026	561068
570318	407955
758501	774608
380733	107391
379211	396011
409763	264386
758852	405858
338301	369588
551659	27805
377457	453968
561920	696692
383442	445714
753691	369403
331554	489070
325782	14476
443681	430246
852547	724574
604054	467833
920933	570595
936795	886480
377217	524013
731052	683946
920175	665027
1055265	714895
467754	267643
810078	600426
480948	300845
950721	784300
454949	404777
582121	473041
742261	840268
783298	849106
842467	844966
780144	406277
745871	1114406
902626	772556
368311	276239
369866	428375
417647	273097
446222	314881
474348	495505
440888	305382
652208	295113
507976	590995
466044	383231
834606	657454
522689	210139
391417	123811
449694	580849
274904	28299
1181750	363234
970681	390470
747184	424245
533208	403990
679350	547172
444199	241917
765313	18801
612185	529884
395048	225513
912884	749660
873477	890310
996641	768705
1092524	782921
518298	416843
1037369	690857
567287	551728
568509	275385
630761	655097
923489	507764
391712	328133
515162	29713
991100	716951
916042	461240
831858	765467
525260	609377
472706	315055
513502	450019
462761	483521
821367	530721
720717	618537
713380	424414
500085	307783
988569	203220
733986	606362
371251	321031
896363	611623
931014	522906
800280	546503
415806	945284
551223	312174
537060	511104
430465	99665
710608	615315
630236	222434
740540	660916
828370	699021
780179	502532
1128701	857829
792704	568180
90748	391330
370824	337180
708999	340058
793057	671980
377202	337406
809245	560739
363418	15975
391900	328162
373989	276085
670543	524548
850158	829063
814623	653112
492501	427086
1080975	251301
373688	638552
444536	318319
426006	186585
663457	626859
1003562	532280
842206	587191
661683	693128
490609	256103
609574	595549
806976	675626
832620	886169
784845	357125
727832	620769
712882	784923
817611	458286
888520	678470
771355	355537
555328	93470
368521	504828
781987	454282
747675	683407
762595	375828
766618	537162
694819	391876
840133	456830
1563356	452194
322046	340191
559325	326916
2008352	445737
697861	939510
323786	356403
320893	415805
323725	244572
357153	174518
411678	405991
728399	446934
428597	395175
641575	503864
698811	643545
379182	17624
291822	195471
715728	600211
464514	410454
627334	406557
568638	19216
368301	329985
530401	541384
748622	892144
325772	342376
796894	459953
680685	662774
808290	828905
365514	15245
856757	933199
778002	355417
307890	195554
751592	643903
372228	52300
624088	235723
321945	276658
708808	511942
700510	37152
331327	193024
361918	322027
825177	745991
503400	238610
747063	345893
613066	173104
405437	335486
507156	362102
704164	496869
721262	371724
845518	334121
613382	304016
234300	383992
250621	37197
565062	39590
664440	21215
883455	848458
570340	193379
839873	553855
723510	31745
373860	84172
666204	949418
2442919	936056
470489	447381
683397	695922
376849	N/A
994716	853786
853034	565862
359944	263203
424619	413399
864092	720881
458523	350286
874846	417892
405972	405527
463944	449090
332455	83813
793687	450461
877679	301002
772577	630649
820124	594483
466875	434555
877868	725561
400522	415973
936836	600766
494554	471775
1110284	449004
533844	481777
787627	1035732
1802777	528847
554261	529151
597741	825666
763935	366385
551126	170609
735181	51063
499115	402642
1219571	423849
756209	9843
794626	747765
744547	252646
779161	703490
438459	336180
461299	208191
396972	793990
577540	518050
436699	257954
788512	578890
425455	380977
453885	540883
467805	344514
640047	24428
614877	362917
386042	320492
551518	276037
570385	448300
390352	142626
543672	233639
1410761	847822
765388	447257
527933	324934
410273	587301
1062399	621046
511949	464579
923190	371501
544884	375465
581444	303659
408771	447462
488222	423951
462747	378139
527610	81212
525743	532067
555496	N/A
475421	487109
508900	122906
441315	507520
892248	723789
489443	186050
860329	579779
360979	726221
408280	341987
957838	522628
799517	337653
780687	717053
571588	377283
475912	421438
1576076	31109
430437	130984
602072	225825
759102	458212
1590567	859734
368387	413518
785746	629683
726847	819310
636651	247337
352486	230691
856570	582472
482217	345930
668103	17453
379691	368925
386450	116144
903632	147309
847958	678847
419825	498462
366733	302376
1055423	20828
924327	313025
1129303	669809
539619	139225
896427	825845
962232	777317
1517596	414724
590881	18341
873400	523872
898323	593713
496063	312478
899494	892520
422068	354172
421430	392527
265192	258851
920648	413147
757369	887614
817687	533869
569893	N/A
371799	239316
553537	141851
544804	528908
450328	334638
808524	483709
456104	439946
362305	293939
884734	457030
614187	511845
133733	237655
571955	239202
697286	478895
487809	161039
778866	381413
783339	797726
574714	466388
1812427	479910
355963	181356
489025	27926
481374	391772
512314	435823
587772	668345
528306	359946
794030	370526
685281	821752
599514	614313
372504	13589
812141	581532
606568	626585
1051409	155215
353363	191690
499970	638409
547542	500264
757891	282104
1436437	526914
424815	410337
393752	239967
567052	17898
591771	20226
129855	314385
934187	289337
1384150	811310
648690	589345
970120	757679
1341718	340038
550189	341629
496963	291743
808958	899875
1379837	373877
419051	256143
882128	377055
683788	N/A
365373	242945
705686	609314
938848	478583
785650	468576
379698	126876
519169	300146
457020	276987
404755	365433
469420	513210
400836	398361
929246	391736
706999	676940
753396	408834
1717893	733556
803298	58974
500673	302219
452525	393659
965739	431936
833588	438583
853774	624320
788219	814060
983035	703199
718611	133967
512132	222393
948504	194263
501307	23092
611077	701225
733548	485894
708289	29829
822216	802679
497085	N/A
839056	186856
667592	465085
910731	690441
448588	407569
847970	678195
842638	592122
385554	115803
426787	389237
415951	201653
621953	177423
499526	538462
870501	N/A
914836	767335
391506	241715
493846	460672
557146	681649
501304	266233
278210	N/A
481741	593129
356435	274461
1625918	601833
425696	483843
819546	433842
390756	391413
915765	601444
820445	666710
442056	38697
736514	39702
583943	442463
531897	334570
580716	67863
488997	490118
411749	345655
979136	922607
363972	166262
953728	729077
2682448	851389
1134603	846827
1241592	608899
968930	467373
844527	624146
461827	239233
1000872	215882
796817	676523
1267442	654569
860033	756844
473805	549129
496597	438100
463459	365153
838760	494434
894635	714745
335190	115463
1058290	826567
452075	382780
1220284	488695
1066872	670561
475392	417183
616206	728469
761511	673010
837497	552003
408022	233816
325649	217387
768652	51665
1858927	921631
873714	470965
894833	717685
402378	551172
3772610	400868
1054786	614812
526151	481255
274509	319545
1330346	495372
438962	497453
1008807	333833
905299	882701
475057	371038
830485	478872
371153	457081
558238	313119
374765	563111
341091	206810
1363049	501765
443877	394350
650586	489530
459181	370017
912376	272239
948750	435596
616302	723749
854074	558216
651204	N/A
1031277	744811
338688	369276
587288	392696
474950	484433
676710	355810
195340	441925
386924	391155
940025	420438
1042001	120827
1175855	616183
351350	368377
891319	669631
753193	647361
1545133	790675
793769	774813
794960	521582
597589	16226
767782	560751
857117	931043
825650	614800
495267	431809
1109941	633816
1045582	594153
511039	286530
783693	855771
278263	368296
416432	547525
965784	448553
809315	359159
371712	350111
786171	952863
436078	432850
639935	343381
600394	561269
731991	506491
448667	192446
331799	327531
523967	497724
207019	375427
736614	447890
1087532	20719
390708	572175
442532	367644
381630	196937
1741025	655366
704962	266864
326757	399203
690556	547836
520458	365803
706393	783340
276482	269287
468449	117653
403408	330881
350996	244720
333784	361002
377565	325294
1032830	389481
354865	175079
176307	243972
419804	15749
678925	277657
736641	N/A
402827	336283
408374	357405
1175651	31743
908910	20806
534062	12200
406608	466871
545925	N/A
566122	558793
710660	525094
473815	787300
316861	377119
623105	179821
692845	401832
596789	15264
323535	244191
369821	315919
829869	720498
500676	463358
783547	315525
884069	634174
796310	591437
795119	813508
1050326	18663
530503	123557
737196	702935
425411	9795
282790	347173
356469	N/A
696841	339053
730507	532525
299951	236120
784176	452706
949452	368861
532784	36898
478159	231943
379693	171761
379496	401733
1081339	719763
839696	638312
1007477	524442
533639	331701
552621	293831
463626	238825
381286	374610
810080	565188
1013592	298976
557206	106328
380564	286327
619760	437294
696288	429214
443061	154575
548612	246211
884509	646682
423605	485724
679171	655371
415720	116481
404505	382755
403141	404465
590073	166754
464402	519783
604414	309342
515004	471343
513179	315968
401062	625044
471615	449372
364053	385338
386378	215303
378672	442376
936839	466774
861961	877589
582839	290053
750770	463102
435746	238884
474907	389424
710621	225983
869250	582503
1006094	400050
649559	76995
908598	485698
455024	550964
790383	287447
419832	206852
736066	428059
640012	476218
367251	46239
777446	342617
650842	39132
922612	713184
441434	332730
915083	847890
390582	403705
812960	524506
651760	631330
391852	344229
478941	415942
368506	387193
600647	347361
975263	581748
748206	533967
994032	518467
777268	329577
888461	900818
830898	360086
656226	595129
834620	396038
799437	309323
416084	290783
2040935	806701
967174	900864
911713	786930
537547	164018
1013534	330337
450091	453672
556692	375541
899006	473911
376871	914411
643435	294857
482910	98656
815809	129116
369257	419113
864256	310557
689048	362268
529891	666319
260970	N/A
908567	408355
432874	17759
456792	376716
785061	504811
383903	55621
831019	984838
422015	316966
974155	436823
429247	192138
1005331	715429
348551	395942
404409	520845
336622	371036
1223896	480836
726837	43025
420157	393772
391999	141611
869109	574310
546365	321594
650866	594372
435800	421009
839430	211654
424726	473107
403389	486588
892078	398540
391757	346473
390909	337441
706886	694224
416807	508223
812477	657092
857415	549553
572191	293201
406510	220039
651818	N/A
487559	190583
1075880	423790
821878	649759
308733	45889
1341695	487548
326596	25989
779419	467285
499849	297636
998316	594193
420611	242596
632274	347557
384402	33006
445420	314272
1268297	726775
386946	510393
886925	923302
757704	116308
359790	175083
709953	583016
771481	709880
1453411	405701
888055	373391
691411	582874
1265453	62001
825636	534229
946597	703367
821767	556394
370459	177735
961971	734353
537626	314925
458568	302566
347845	450587
380234	326169
882779	268422
482822	379688
341926	408017
386694	477162
480905	352080
516472	399255
1708643	316771
1655549	965611
410986	179148
948512	337972
737335	328954
404799	207629
870714	374600
1019368	409696
1073368	432253
579954	336640
741927	441460
703064	464878
403896	377090
832075	699501
710330	517163
820187	440638
293872	386987
595059	661850
391919	273034
340402	190675
685058	523114
497176	289858
666278	451607
577789	295265
551163	569304
424100	338639
485469	365546
694670	439179
432903	37973
294895	304007
306970	284749
894030	257552
633043	603746
360637	276406
446218	27655
368938	361068
363253	353405
619669	439558
338920	81724
411863	207548
559298	29961
702979	417284
335478	303871
687287	494113
436761	311335
331142	372085
401129	97871
591137	60418
376375	372262
409266	245020
630543	292432
845581	429355
800729	370873
759471	508781
343512	359006
608825	613588
389909	271107
952222	518892
511320	52539
758868	23971
1411322	574576
666931	324577
474397	330654
335175	271472
368399	244490
622652	357942
546768	442057
715974	682174
352185	354316
500868	32560
1025908	594950
715747	513452
404308	447193
370668	234470
327965	189966
350303	571310
346788	365304
880973	570688
1572329	953573
351244	264864
334007	282982
411542	477062
921254	492113
454471	423166
750354	493853
443991	396620
330538	186018
821888	729605
837257	426536
378446	80509
635259	657765
357133	348557
732112	413542
866136	506550
456569	304549
633683	538318
390839	260157
425976	388348
397018	283877
407641	328438
852538	405992
913127	823764
933663	666322
388915	247426
960740	712628
409868	214568
602688	378835
867792	616920
379190	291814
436023	481542
633057	134012
923435	564485
437090	232593
648911	407105
919426	254908
936221	755489
956115	655020
323531	207864
421096	285107
933800	650573
437115	317532
475017	445705
519228	139503
383622	267870
618700	401351
687448	219942
880886	599916
1025133	578976
928373	358733
483270	324529
919837	671593
456405	274634
443142	27611
389959	443137
952712	515787
512379	330278
414126	679673
967337	351865
386412	24895
1118047	183531
830687	500903
743585	469921
476634	263136
312717	153056
840497	316167
705034	416833
1030985	446769
458110	319268
918275	327100
1864474	419436
829497	717209
877033	364973
257969	411606
397416	214854
453483	370940
623827	331664
834738	739194
362770	230192
421848	349904
601679	569806
969367	N/A
389348	270318
762210	450888
339232	368243
400181	43940
510452	353529
667805	22411
998982	584114
407612	324214
702792	755743
409279	340678
536132	433929
515941	370170
494178	389926
367739	314220
890771	728160
565781	24511
463909	357683
787492	198333
325605	421996
943165	584283
355339	395127
727415	36592
802514	661757
882869	696218
797860	520619
582330	333474
716294	434677
1007095	696835
401208	195134
245741	317603
373847	365241
937030	518431
652339	424950
776880	312133
1214765	867013
811469	931468
553603	411695
477469	521440
362408	324888
1086944	680493
517893	297917
240649	533367
719099	369581
484103	31571
568658	N/A
407754	177571
961949	617678
704002	17289
1621799	295054
658980	22225
842211	186434
1803503	564483
693551	558520
639400	14811
348751	64358
606980	255534
861675	509271
614942	407573
505032	284025
333745	487826
750546	499144
788672	484370
653160	639095
1362521	465428
840281	556650
415436	294953
423661	228972
336309	316282
311454	355512
446434	516842
358901	380557
399867	499566
725322	591194
453075	29613
436373	134649
801255	429759
443512	253303
441113	354249
719664	407339
384539	17931
438328	468004
1037845	609126
424458	438161
332903	340120
401582	46419
624871	395104
734803	468483
545491	18764
668668	388056
382014	300319
573775	262716
955369	336719
983966	217108
588448	691251
524404	234759
561094	569898
1154289	324531
589911	396043
443520	287443
86121	156803
523524	426245
691375	462438
312617	250269
399059	599809
277104	173159
378806	203745
498130	96865
296531	304060
858972	324662
722608	480144
193628	71663
1665300	511858
308856	204670
485444	318093
490996	232788
208397	137745
295506	476372
455966	21040
568815	544970
311777	256123
586915	434831
284687	189914
328386	268231
509865	253767
319204	219891
303262	20292
399934	325695
330860	319918
333125	366200
404944	236533
312408	259911
343491	201641
671595	895857
286999	309648
616717	391528
699220	573303
383172	458956
468936	421499
925573	529381
921294	652220
356697	382816
415836	364723
368195	463957
793896	342248
669341	467310
395027	295519
301480	274922
354779	301435
388643	35230
291135	237547
415748	308767
607978	496143
602686	450360
828044	773871
648341	487746
450885	212063
817932	751676
976919	797455
850011	808456
482888	464901
731232	334208
406310	133792
690296	281063
389358	304282
765279	584970
401370	327114
344903	318309
840930	470537
770086	637894
541702	65970
666845	514101
372226	167520
489480	524633
786292	830153
427156	526523
443804	477158
1401101	445662
581192	360703
902596	944675
410688	273524
385866	579947
343306	432440
764271	657650
406000	279995
531073	172084
1051433	603152
406480	395348
375421	396658
673487	799904
370902	487243
773919	465094
415393	409863
541374	330070
461843	391723
811766	451224
824655	572515
877731	616711
445403	427125
505522	274441
1047228	518451
524369	437456
342654	385167
685158	82044
562771	531927
434189	456049
399023	274588
479792	363981
1043719	289973
469942	525182
877661	623586
472045	381203
430165	279368
807486	656821
406687	282184
480178	552246
636379	319794
469185	309434
917394	870947
828019	588745
739756	404089
1108759	467176
570697	387317
370723	87536
1173207	559720
526053	198032
902904	581143
770467	467815
519363	296707
980835	353137
439675	154434
669877	363842
884441	403194
597924	360059
855144	940502
895639	640700
651690	N/A
840034	783603
360319	291784
759545	595706
381591	485721
685974	657772
447704	335837
770587	541678
815373	599979
455124	407414
826707	734204
519400	344881
954809	444497
569190	304057
768677	401176
772080	645236
436085	343263
455784	469148
733819	739599
428675	135635
355375	378798
507650	290504
447544	457013
324009	412958
425866	511042
395385	390643
937378	295128
787060	846638
811283	756576
890792	690516
937128	732095
847161	523785
451759	21182
399120	313384
446099	44805
412089	300826
969822	745849
715983	412552
826159	705532
869799	386416
527755	13095
804348	374917
1222298	383554
648191	655657
696492	554439
780034	737052
842263	737994
364323	519215
483613	491529
361488	363464
398568	227483
718398	622941
417823	279449
622089	275228
334732	293906
858359	627246
357370	350164
821018	688227
410701	496137
912534	690743
320370	385979
836625	505160
381124	312733
974447	31844
999147	343723
983402	634575
360551	326409
391548	283940
941440	847796
455498	317766
451402	347568
478985	347831
821910	249568
599243	174248
393362	355156
405334	146314
750379	765183
342091	201898
556642	225625
933540	869381
539524	399533
378800	349488
844355	776311
809551	523604
424176	271720
637006	569028
753284	225441
779057	295750
544413	445532
890624	388209
612495	469646
808312	884127
626529	443145
300963	426848
351230	729537
692267	487975
607751	537718
477860	467983
524757	392096
520008	605667
334485	178806
610762	406397
505548	198795
876023	321657
312831	205059
330847	331350
670397	334037
831179	98825
380322	213719
750925	675793
384440	426717
361351	136617
442361	298045
781314	417875
870199	825292
791631	407281
452993	183010
741551	480346
677826	14178
862916	666259
596630	598547
551450	374211
458647	474822
894590	535383
674529	339570
739218	478207
469433	386609
960432	603426
881057	761491
338817	344001
865292	720072
394610	397680
768390	651922
1038201	746677
698737	645370
548718	469884
1052946	602273
589737	650378
755767	652319
920156	728420
783160	325485
543761	261529
442455	320597
375343	327947
565191	287511
487386	255584
826241	364752
320726	20696
434504	431610
366876	119354
786731	353525
403777	422367
781742	543913
662579	313200
393725	312866
612495	300643
620443	295612
410271	240766
869425	435470
1136472	461708
465038	368661
788704	610632
404047	63050
549880	39098
1250310	575222
703187	1105950
342189	274169
638388	15993
588451	465750
875014	578075
769990	430637
495993	285189
464829	255323
766849	439130
696726	687311
419578	243955
390978	480264
600540	318740
359095	164709
730315	311384
601450	231963
823526	788005
401727	447575
263298	634553
764432	646601
1023779	408459
608783	82203
521163	521260
650865	257264
701942	751878
812344	722874
320508	379886
614469	546316
591828	178753
372424	149926
406335	253103
749108	864288
720093	602149
395173	337201
446688	436512
471901	48795
373133	462405
418576	351907
918347	194344
641583	293332
209467	351209
515810	288219
959472	644032
1242478	686306
712570	322239
748173	23814
1169538	844216
438980	311510
980571	516539
867117	905916
347812	359301
472992	326292
1002027	492817
568330	304903
770921	497797
811424	638737
415489	291102
578897	625823
443003	172496
839202	461552
1122093	650004
869246	786917
909743	464547
400584	295715
670887	745162
602045	349732
436487	304372
552877	504898
552924	62594
442238	116533
571090	43432
452205	399227
1085493	732586
426558	333385
880393	813105
692997	680813
796716	217887
492028	350050
600882	410832
692215	827180
1445443	488553
1004293	142746
403007	293790
982870	614249
893573	761007
1069391	569749
810565	1059603
308793	375706
594718	796750
626343	16893
437002	609832
1082809	1017186
462580	517600
945783	435650
1151468	664638
609972	404056
251870	220411
488210	465249
353208	779782
557489	161538
528968	38448
727414	518988
782715	470745
355201	274698
1113682	734470
598158	32135
1318894	969933
645130	133751
385772	431586
757356	828888
420351	278123
1002653	722363
549447	465050
839229	817372
403841	575159
730734	678015
378673	284315
734919	500779
340009	322477
848163	534385
584348	557455
917802	407384
540673	136406
403711	319181
826949	664634
456318	210285
613968	640343
858786	699009
418497	331440
305295	304064
439607	381878
638356	781214
422996	327359
660694	404668
612012	N/A
554071	471865
656064	25954
376832	240642
464351	363691
406968	238775
857560	469963
592237	788744
347858	430706
328167	211688
816512	368344
350973	189997
730959	774633
621788	236701
834684	610650
368695	530022
642393	466205
295344	284537
844551	N/A
354015	N/A
912802	459428
719922	677892
456614	24797
904121	754944
496144	28467
517720	272997
716978	422182
768156	431793
363577	410017
447770	152391
567238	384323
457893	250634
372981	392251
372997	10188
315539	109767
824481	519043
355136	274621
802277	406325
430071	250763
870387	815544
576744	646824
338363	N/A
427612	289358
370827	331549
287387	159997
550190	27617
956135	750036
465850	294559
384566	423746
369025	704297
353987	285075
376708	365601
391482	424470
359356	378097
621132	273796
980896	427169
472076	269905
752698	389778
358393	439206
461630	239566
886765	424362
822345	310475
1121582	901783
1108225	533697
688023	592909
421605	37487
504329	114986
363255	377696
616836	653557
800342	646487
539851	413245
812928	418555
426558	976909
443598	369920
874209	700359
855014	640879
547067	338556
434789	447077
944458	276476
361171	354958
1239328	15741
590122	376615
426242	453893
491644	15776
450809	95113
710066	631162
385495	357191
670879	191830
757955	415628
371498	418124
397830	35688
632955	100765
787527	629502
388417	470935
420007	542083
481514	520511
501079	375703
382053	574408
848391	497840
1010558	696655
528321	495801
403503	382911
862517	579504
436815	281848
378694	497448
420583	280875
494342	317825
849547	414159
391644	344851
412598	427540
440210	318301
478004	427577
768260	456881
442209	422200
610350	429315
387517	186581
542019	442654
398273	310495
479241	440283
312716	196023
647444	706110
733487	551604
1971833	885866
851160	777420
829791	641646
363615	482571
848003	726240
656654	417333
895459	800778
652456	398467
933608	672288
459742	534768
746809	174266
761919	924290
283496	475165
683006	229852
925149	787629
424178	400578
517795	183598
586923	218190
1127753	434389
469341	317677
431067	368421
1054244	9542
967425	11093
641678	N/A
428672	381186
976774	600606
549442	812188
577082	202988
900819	775424
783655	521605
400575	407142
920852	525708
376281	239802
365297	762313
1450299	807079
341308	117624
463519	199583
531350	304652
684683	564009
801662	510502
996192	658258
801621	271040
985705	769966
703424	34742
561041	510667
868258	733007
830387	616060
708188	47409
974300	732940
927973	682968
416239	139585
801653	594370
721780	749286
439319	291597
816731	253482
823514	560960
949155	607421
762607	854785
478280	520995
422081	502187
986790	37710
1427843	205742
759182	68525
396231	256561
529301	195456
606529	506018
401517	315670
638842	41577
477721	579360
536630	269508
516890	404673
773843	836459
1089043	629439
239732	N/A
743478	871801
362572	409794
595763	352455
837625	707464
794391	632979
767134	212537
671591	650784
883539	355656
1190835	23018
402246	472833
548514	583415
556541	49388
735215	345477
339544	329890
681751	702490
626779	181100
579576	188923
583756	474181
460132	288985
1807377	872986
943588	45220
1147861	36895
972252	287549
979594	271732
368084	55799
397445	159405
423934	16283
1160951	593612
482799	506809
727797	656819
448117	83530
1024525	779218
350934	236429
390018	540713
947042	377692
565653	104691
359966	334603
1049656	611233
607383	185567
299485	304872
579958	360520
866420	639391
1126790	372733
365657	325613
776335	407647
737954	454532
441508	313976
425150	149775
893889	389496
784356	494363
888216	668878
751622	420980
836811	675708
978463	327318
862147	374072
396739	180813
1221455	210079
645495	17332
967035	680011
414903	366546
550195	43164
670313	756539
722070	588253
1011818	520711
204197	397283
405068	553939
378618	370203
280967	239502
428958	364332
611484	343605
312132	245921
389355	438492
284170	331277
705061	327648
359624	414005
395792	64134
358332	293612
741627	384368
350206	328230
590554	649726
403926	157119
693502	606954
365017	337548
546815	124001
775215	592068
478537	255970
668066	292443
346788	339469
348035	531223
392469	N/A
659663	159359
345259	18267
381895	307427
373383	229483
761012	241597
600502	18767
592741	588442
696133	448610
845927	643477
509896	31678
449998	226146
218530	373569
361499	283630
896197	541479
542035	460993
731138	708819
831043	508886
413488	895676
739952	536065
383806	312369
337523	457654
394714	333901
422887	149734
403353	419889
717801	496359
722472	24196
459173	222328
512351	211137
526092	345824
947484	411591
1480815	603174
649475	374893
767734	855164
1370019	476042
467098	191586
407121	199810
465122	335934
365839	445330
637953	708024
626544	608855
371979	170718
1078437	524147
401361	449054
999527	409312
373663	447658
833502	463566
786245	651796
435113	210264
502970	247164
408236	89904
650845	648223
780732	499979
728950	781723
849137	466070
365695	382394
819000	482639
790097	684646
781652	821831
346290	218389
482586	165906
398466	344459
551372	553085
526551	505610
379955	383116
817071	794696
453361	322191
482817	395953
849723	505321
761338	629797
415062	274302
369306	49023
771824	588836
562830	289626
747462	665667
440044	1094740
432342	264432
716198	842135
375715	247903
413525	395845
1115235	734349
758953	965734
606566	482505
746142	621472
1220119	840362
780913	484487
765268	570143
336016	31707
806028	559385
825787	541388
375357	48968
338250	345840
536524	366246
809972	726749
632803	47668
384048	747140
449337	382723
599885	594109
1289564	518420
734290	684653
410987	270526
381966	929397
731991	657378
361007	406489
401343	400406
350817	437420
437808	318975
451658	255168
337325	244595
452576	402290
385376	457962
349775	228569
388114	333194
415542	389925
838026	679722
799093	948379
505274	637290
442419	321546
1530575	454156
851337	370559
883045	633140
995786	554040
828985	694097
814134	604081
1481139	478910
1227726	382016
889747	733712
538288	397957
526700	330919
422729	901470
406538	113504
430549	14403
489539	292970
891500	572933
510947	498229
446310	446995
463528	311819
654883	493826
732683	662047
686229	654796
377538	387474
494628	459981
692614	627665
835896	500710
372505	160355
325025	222126
382703	339586
794966	744618
290870	369126
387211	333492
562245	21682
568509	399335
564713	340881
327901	225763
380825	22034
967992	423932
1094218	626306
352515	300129
340953	316291
377544	615888
702878	597499
765772	606602
414786	523055
372038	451067
909517	819030
295556	313682
393005	387424
491094	333796
417426	515765
672409	616097
419654	161245
748914	582891
437568	480431
639720	343476
346233	249821
587481	342669
368430	192016
485155	340120
696354	530636
762718	596393
699245	678324
853296	19668
277767	N/A
468934	124320
433970	353935
671448	875253
388965	227394
596630	568866
432625	475724
397328	248444
339411	101525
356136	266379
718322	768945
319453	258136
813938	653988
340125	318809
337460	284774
562555	594391
709307	479213
739663	579643
502131	256857
346715	281443
573588	477017
291174	9810
390901	350359
762093	696711
468639	180713
326326	118660
276541	304717
383110	159157
792864	901548
382532	16715
308262	382334
312030	310491
678087	320151
355112	157616
608912	38150
354434	261462
519474	430861
281353	398492
795297	255552
303398	15165
1545668	756628
417054	376072
500841	608654
336831	256482
653297	573008
434666	44774
505499	218710
317754	177537
379158	366778
779698	581840
944851	354408
299958	209235
348253	314918
763660	763934
437613	320708
743556	580531
350131	334142
559209	82564
600772	360074
369595	253131
387115	227199
642533	205590
306113	299328
323906	588251
756321	16422
438720	215882
387592	230578
755344	428677
478053	331402
862749	342933
778427	527785
642505	637135
396225	415486
355324	276615
297861	12189
324647	252076
365166	229801
291788	320273
747922	687682
335085	481233
672034	267016
346800	364689
726171	707759
717164	405088
328558	32658
360278	12145
342044	236162
351677	244786
419963	519660
698538	479976
370406	35513
802908	181644
921872	766429
1257434	441277
991833	688608
740772	539500
1073801	794548
743548	798233
800695	626898
81876	355601
386927	327326
345617	266768
551945	343464
678985	581297
369861	381237
778206	672242
541343	285727
593789	812044
364164	362093
367761	252397
661108	548024
706906	599967
397047	402702
811313	311475
335430	219241
576429	49257
720661	296758
431777	207604
703034	380568
700172	744798
794101	588711
301524	62890
756743	387440
655214	481554
1325695	231403
517362	39209
804215	1054219
903821	429463
1031490	382761
674770	377181
418514	498435
426942	226680
885967	774900
660075	34421
160041	300552
499838	323351
328688	16941
1270795	296354
403446	365756
669152	59633
1398676	233097
456635	363072
780385	550658
713072	84846
750601	590751
366308	319026
432544	106560
423499	292133
1003475	568498
478577	439044
383921	362967
409120	77265
497644	119528
699254	480018
353260	348458
459790	397127
426291	593704
339503	249872
868851	706192
852387	534441
891231	981164
693603	36631
560217	492573
579386	437868
1471749	713145
453392	380325
669321	520719
745828	464782
958351	635518
636850	468274
389636	358685
881510	674446
480483	487174
488631	350247
983457	453971
656732	787430
454223	382430
435021	276345
525108	207124
400081	121615
454809	708202
519685	355579
698911	98842
433946	523246
1057473	281225
613915	944164
570922	43285
538664	33648
457881	356080
343059	16544
339138	377163
831109	379599
718834	437602
422428	215005
392739	399946
377076	290588
745611	389491
720330	697896
401767	209959
922842	777681
524349	18998
843775	709522
713839	462380
502546	528221
606545	602721
429421	337157
422722	414869
529329	310967
542836	19002
1057844	726341
433220	576461
384570	379073
477601	442757
335907	284035
971244	788356
348704	347437
569637	21226
355152	164518
1088826	412443
1049727	854724
439766	369718
351860	269323
907692	684583
452501	538914
385602	258290
726912	250477
818514	633275
867668	862718
356408	387908
781538	630891
987631	536912
649347	672613
484411	368911
921169	811353
568229	683415
703739	451766
409759	291520
540543	14963
324674	226361
775426	327836
797144	802088
401792	159396
337243	226684
464671	509497
626768	504432
779869	612229
595741	491940
748107	95334
460661	142103
468165	381021
369941	234568
456578	404861
377708	351441
616988	21220
389712	362852
769035	409658
410984	476092
367300	34385
493184	381495
426109	270344
522276	378768
788218	470868
326060	293299
310441	301271
405742	435857
799911	602962
442130	249238
338426	24014
573110	280115
580259	695123
779983	588464
405670	270088
505317	250527
351663	271117
522504	1136029
281170	16468
531605	31690
364688	418817
815413	439428
427709	11144
706985	615108
383377	295166
758956	437361
702645	713388
354941	328507
381109	107848
676062	236543
660523	401188
434231	237771
757830	14002
758650	685297
521847	369450
703242	494726
784265	713098
560766	454631
403065	13698
436995	294452
696702	482738
831958	320409
882961	367939
727812	435933
391746	337837
907803	465389
479438	307970
587746	599962
367290	417045
415205	369489
356209	353307
481937	137131
699571	472022
668813	317272
368560	440949
320526	274088
304268	308979
594802	380446
433873	215607
452574	529218
376011	281717
682488	573050
576974	886591
502422	52602
351974	422990
981092	429644
872224	631150
936777	368603
817099	655210
611554	489177
363893	286068
310460	168926
322236	221751
563670	547648
519516	30052
538018	564798
392261	59266
324297	329458
419844	585153
357222	172890
443521	446893
585838	15414
819989	637804
359817	410989
792347	823182
265269	222221
792622	602625
766758	387629
670394	130321
880946	355923
368860	623698
348302	328259
513207	492223
571121	45359
727796	500019
938683	375109
419133	324732
871706	620783
783640	693989
521676	414335
519187	378124
362438	83481
397550	568533
314855	435483
367805	392646
570234	239458
817376	493762
385767	370545
377932	11879
665025	768641
457380	476197
430583	476461
927311	479532
432258	563574
775441	619222
926832	1061511
355891	12990
680909	544422
888028	672937
477876	544847
865243	605485
558466	597686
830117	967851
746974	133733
906620	560549
409087	516642
887914	848079
872459	603079
455682	550769
498735	367203
383067	398379
467943	514105
495244	422962
441083	423267
624511	573834
655883	760475
424725	40282
604237	457096
875876	666033
787697	599258
606060	615309
991603	469414
402461	283334
370786	351190
457412	490210
235578	586973
448312	280470
299802	98743
425116	431917
416052	675757
684081	473229
408512	294869
623071	430468
343892	215455
1146702	380015
859415	432241
438839	305729
930899	954864
549267	457794
520964	356388
985336	981323
408603	351532
1043880	804275
706269	574889
493365	398423
471471	339721
897839	471891
840143	571108
1081346	676503
377021	30419
821219	461690
934064	465909
831330	340573
951595	518130
748404	433955
487007	184623
419683	259837
453211	521962
698920	336705
545182	474581
394790	397972
617966	387345
437373	481863
806258	836357
370069	458895
907302	504734
826217	915323
1782538	709564
452290	328676
888914	666195
744773	611529
416377	320538
518406	195337
447159	504738
480981	406945
377250	250645
802162	374747
435899	284422
586622	415158
861644	601809
215459	398545
667807	627002
654196	916928
501987	208924
672172	275177
998671	656601
869261	648026
394970	401003
401225	279600
737155	730845
314557	166575
854955	947026
820863	909215
789672	600123
839133	732619
297294	367157
410841	433152
834161	932719
724117	628247
915435	526424
411875	371647
394568	307432
479225	321142
686066	613054
573233	348359
187635	258862
522213	345657
1070191	730301
516021	375557
914639	451951
386178	390656
526023	438093
640927	597309
1089116	704339
841101	638826
423273	250870
836935	821775
403113	264830
395543	325351
794037	727287
825001	658252
421338	343974
935643	686051
421288	498306
444204	315731
765262	710422
354428	336457
807249	241350
816074	480970
346471	260678
354574	486708
958028	706072
622969	1193347
357082	70818
445109	492998
419138	165728
411462	91581
1013654	745341
506121	218275
470156	309738
900616	553631
833740	890418
873535	718680
471983	159578
596559	479768
425292	280426
1327223	298495
320592	201527
585103	270863
441324	463487
348415	270176
833474	758314
766595	445602
685163	493979
870324	631710
350429	369922
685922	674941
361782	226304
839956	539027
387087	292785
552444	557870
395928	375086
583190	258744
1020826	515593
356184	268890
593364	500809
430211	14613
316025	299336
577100	413939
681940	493011
503222	433877
541300	324963
461477	244124
513146	636786
380978	285861
356875	417924
685356	451072
341127	296459
734993	446742
602414	503080
803986	371581
655756	428992
390077	357759
400405	105125
649727	436213
383071	63330
288644	321195
302523	348218
330180	461155
972565	659401
350310	354999
1116710	536849
737646	453513
372999	434432
505196	429143
1734600	492054
777901	577368
302396	358351
325591	114377
915195	562128
419775	299972
691809	732069
511787	447710
458736	278726
953930	523099
348164	166533
408981	471958
499191	765968
476457	99939
759135	340836
835408	354523
887801	578284
364629	298432
586968	235666
741717	498225
425630	287943
568603	129604
749913	282795
369987	669795
806576	299911
361862	307649
1724731	788044
516130	444662
407834	287335
814787	835628
371590	241615
425361	202311
571698	621663
735127	878709
841471	655071
460500	155429
421887	411692
395039	317309
923520	432515
309384	376475
495320	378181
448911	454316
429670	27469
421222	450190
451622	482184
525993	481011
426335	174837
409202	392399
466391	405473
317243	150057
390511	416697
813567	709362
838709	758041
817310	746146
714254	30070
809486	403718
740780	790834
462229	472308
1071966	520238
782520	449499
899818	495311
1426161	381159
788749	304869
516536	404061
481197	415161
640683	209426
859252	248145
579134	515019
356725	178604
867755	952453
509151	550096
493248	431916
491490	181096
444309	185092
701421	676445
394560	183700
507359	655138
865277	460413
426167	183740
1024260	580398
722457	406872
1006446	397866
452766	466854
501360	782967
484017	358739
338055	407644
763981	704847
927590	515013
977464	892435
680482	781313
865264	909682
451809	582378
818133	537369
1140401	738665
470658	436602
460981	420119
760114	337775
881263	545197
564733	80329
874130	583954
437843	386754
672713	452387
773988	433742
511016	297053
835208	87906
891286	709229
987177	517120
433521	326362
793590	504250
387852	124714
746682	105390
713484	617020
334127	25668
445565	161528
439446	650377
1711217	508871
480439	524387
433821	316253
480892	540401
321540	144163
430222	451923
834067	56295
905548	528882
1146660	632920
1207330	446255
862060	570127
446817	208174
1061947	436934
1347003	627141
738223	528832
1063949	973532
856804	396733
1381955	775304
621609	394195
474444	414966
953513	862240
847567	719788
343556	390375
1875448	987870
1080254	724140
1015524	613246
896215	264951
644960	32839
1338636	645664
339667	469945
167546	404032
585435	467828
515804	14158
391399	393073
372326	480653
412029	296211
980560	713342
382306	349841
876176	779663
854412	837860
547061	215628
783383	608825
391203	71440
1059681	989550
412048	468199
868363	791389
889670	649489
434987	290142
831174	578161
464042	249347
735635	640459
350346	N/A
444096	352018
435214	420809
991249	344050
504007	38113
835314	852262
429612	436637
506865	350607
782992	448925
546151	323619
411084	485922
995021	330558
828575	569526
499380	430521
358632	354694
767996	902539
990446	533139
860763	771204
827124	634170
810183	776110
437696	560385
622620	322640
872864	575346
409178	236129
714833	394117
385887	365926
488361	323547
430285	537292
927429	610579
1370006	189136
362317	400708
439841	297906
363695	270086
382702	26096
535542	255389
1095382	575074
860469	771126
866163	827734
551068	528278
898121	195331
707516	433206
807434	538841
857358	19313
381042	295741
732635	794961
761183	324100
769619	322808
361357	303727
416044	289445
384974	420852
679459	35116
744319	343148
866330	491211
767623	440656
333881	369781
586291	313086
602639	50789
323790	19980
420592	372873
614139	167981
451474	407485
745312	597329
374770	317055
503885	19407
426706	361755
544808	486081
445205	403482
441581	471300
274027	218056
391927	335322
705141	430180
347281	371150
599910	220425
637925	397807
430912	277038
739756	522522
357043	344870
754574	362148
749746	293243
346825	291543
404377	317416
827912	156338
268199	271015
538116	708183
694861	439690
762720	510545
916877	753143
549662	32286
432108	509112
623884	365519
335142	149410
829201	684608
888281	343941
790258	852446
438994	284098
1253122	342244
740408	794509
571529	716502
623515	370481
454022	395716
590098	388463
492688	185474
819215	703516
372415	533818
430447	292466
916549	516298
132206	140240
394353	404613
597262	758247
622333	115983
633578	510862
991073	338990
789762	621483
345726	375207
386432	501413
391800	506435
1658056	528717
423048	20447
455750	204450
361442	132303
410232	545480
334475	244164
1268045	491967
777055	595987
782508	904536
874147	311288
758028	520880
851543	410910
720352	470401
758010	607433
406103	304770
472245	124910
809567	334274
1691596	618625
405691	456265
404578	122639
850600	588762
954176	301697
866178	448740
157148	N/A
668178	36123
465342	336898
455531	203020
1702907	558345
1547644	542714
764959	14045
558645	273540
393284	379692
2861779	624294
488139	17511
581933	107248
919176	42113
883753	769698
422191	396985
925270	717006
716842	523839
427030	130865
543358	247096
355006	245317
413842	394900
342080	367658
734010	530776
455605	422084
895647	470412
429107	473639
898131	643060
2203655	379138
469006	403448
808045	664404
585938	573144
1229665	824518
504485	455576
861642	751867
972334	629142
653015	694886
622856	37872
427857	604826
649419	530793
707949	666747
594221	30246
398234	280384
386871	401520
645673	26329
770495	347996
895169	285377
490142	525996
596192	404445
916946	846109
428913	492819
817795	636421
906515	731596
457535	442279
857704	115488
393101	526842
473086	322941
463345	383112
1100271	296783
465602	44834
723528	667996
554590	478909
669086	24384
699782	505718
1915020	933516
1197717	668646
819014	540940
513413	275020
559041	262119
785246	468391
1070262	406729
483704	1065421
456971	499133
1147161	692644
760263	259424
370605	422377
991862	686820
486640	443025
781156	465817
814117	747116
1034792	833730
897518	444945
388472	574784
541317	90956
472281	484262
574725	22852
450063	115746
671445	68982
485404	177650
721342	679460
692051	276113
394193	508350
385649	269653
1331878	536200
417620	285178
856208	560182
484575	339814
729654	591819
825032	765355
465221	15019
966772	603161
440026	360304
415383	580652
995945	591270
364621	477192
833532	837306
360240	312976
464702	424173
444656	411965
678679	462982
987432	724134
678321	648759
1072476	434398
961609	524754
553593	299964
573099	554307
1453174	271994
679399	479025
1435288	498873
524673	223359
434587	314563
1021972	750371
968932	570707
536556	429156
870259	1008027
497912	305635
888811	645053
472542	353685
1560421	870762
412481	525598
474630	307208
716056	839382
216402	433933
659284	836847
401120	368629
575756	95468
369574	406298
372041	129940
926930	248101
924962	530962
336631	302399
399241	310142
441330	39013
403415	304276
549112	668470
484579	17584
341214	312513
369585	282445
359075	15534
460650	922134
370428	283368
492701	51032
819532	616024
1105537	759140
888697	431348
860870	47709
1616414	609356
673253	657327
845257	701622
717404	562458
419927	346499
386368	273389
323034	400055
779970	820380
903680	442016
622138	554131
608692	690553
892718	643903
387340	467052
438874	15868
330467	32189
554906	446312
765598	460466
336574	308671
577596	413971
1567299	670538
347510	276859
565872	21002
497749	340077
455372	338018
1280162	443463
774416	740529
399915	19646
959403	674348
877642	771638
360579	228239
710949	597235
752365	307881
507682	454130
402056	152357
281821	327317
351225	390635
311035	218717
396960	397738
336680	51616
793330	757000
403093	238473
693245	559211
691393	600665
382944	387195
659316	333058
336872	9665
649543	648507
390977	329982
817120	403460
323947	294119
385280	397093
291056	415315
549166	652971
744327	692078
644069	600579
319721	304369
378663	340049
1428621	364407
276423	25015
610665	81014
299268	130612
409126	255300
397138	134520
435266	284988
389146	252098
777874	449518
535966	223438
564284	437293
823298	540396
587734	457752
351889	309882
689587	403559
324729	199773
320270	130534
378377	178561
350763	237970
684301	477951
336325	288177
499375	75940
445544	349384
845974	651240
279900	119352
357674	222549
438305	375872
340861	142531
505192	303536
580441	474321
941339	488663
717945	559803
710715	15802
386522	343111
367953	402239
613206	354615
1621875	777273
323240	379248
1001796	274543
448603	435958
580251	391568
427812	536440
454191	345329
453035	602713
518303	510687
455047	200162
1043917	685656
403669	321858
671127	216746
391785	289987
1433608	340864
434331	478697
773824	837040
431107	20578
1314601	488390
399539	291152
463874	N/A
375431	406158
333759	291205
973433	797890
555212	N/A
372464	418863
371162	325685
384473	160220
450296	501082
393094	543795
337151	345828
760920	749134
835245	853080
429416	388837
793527	499749
580350	658090
324861	305197
726455	581507
546818	260767
714734	807955
705163	554781
968574	474131
377308	450598
1535634	684437
809649	449077
930708	482909
948612	551465
605608	611305
427609	N/A
374453	512737
771680	598242
317636	321764
448723	433683
489676	362757
792199	686968
383313	331735
798172	687435
774523	333852
394720	17104
984036	558945
908588	31701
993562	644654
897813	968275
400412	66941
1107761	866484
779665	651944
613039	573766
542946	219544
718364	486048
342403	10713
1607497	473904
615555	518994
897496	15530
1026320	658214
815258	545600
621640	54123
342543	953084
55789	11691
389743	162407
402062	206213
821392	419164
677098	48732
1628960	726396
532561	464321
441018	275439
615076	526567
920069	536673
262087	47366
1339406	337980
829031	641631
608701	46500
418969	148315
504445	519967
969308	728566
785582	627680
726894	600512
509245	1079713
530027	268452
388298	451223
595691	234907
967220	524660
425007	396088
467246	N/A
610851	623512
428503	403012
486717	597482
832162	767146
795868	582577
1363111	303949
1070454	603176
530507	26503
524217	485300
688345	520862
428050	228507
491793	100230
706483	670430
585466	533698
403590	429564
378760	410112
573067	711942
729185	28728
575471	780526
428651	21429
678328	268066
910704	589694
364359	713531
390043	57936
375580	381983
410491	469003
417366	117110
727450	617620
363669	398905
330985	345814
924534	636663
883841	580183
423115	373171
422234	512597
887025	502625
409601	201178
790842	868777
415032	465824
401289	287113
767712	722206
667829	896006
775299	802764
458006	452250
735127	492275
350140	277591
958720	869131
556053	485701
527643	175400
221815	276957
359978	385677
376298	306708
351534	36477
457826	275583
508548	513852
992525	771551
447343	567088
436949	443535
1168959	841807
774666	629294
496339	350004
1487036	533729
757388	646445
925938	533835
404846	438680
345711	105874
501802	425473
571801	16045
542709	443937
544446	377368
770838	647854
340502	496565
964309	589991
520683	342682
2304132	272965
1086445	737217
700105	549288
432087	492765
392867	400117
389022	546094
412603	129564
356289	481280
398392	397334
790507	698490
765110	738052
423403	659168
328352	256124
458441	268664
1248580	850961
977286	19335
504629	255643
375612	192156
609141	689715
426021	142675
391441	401730
914738	431751
392371	147805
720696	35650
766357	778264
371685	186762
757721	595511
891668	482364
767790	771963
826544	868922
666831	628917
1197659	643123
860408	911643
1083213	519790
733495	15909
388642	437577
899301	455156
675663	48702
787501	473703
519326	403724
782526	409200
399865	17784
515909	418266
805947	648734
496275	206183
797360	645717
781449	846422
717178	724507
853078	565147
829359	585845
613254	435317
571802	347474
325951	195364
682723	483921
714455	380206
554786	535674
1068762	454130
319095	268094
829864	407005
311719	413202
537207	644259
382759	299178
332916	288997
354482	448314
355361	401346
1268249	450617
628918	338301
377687	276985
531277	660422
780427	863957
765260	639297
384135	314787
271470	357218
670614	223027
800041	699579
647182	381193
748235	601268
881957	548840
831011	579437
819382	581389
374495	156288
625745	470181
632427	8663
869996	633005
471038	223179
682328	335436
604670	196575
898799	608107
752643	550434
308390	331746
581697	348382
319634	30219
495403	548382
518072	528130
201228	266497
896996	496444
528978	355822
438893	533987
988580	484825
952684	513635
887815	571391
825564	565724
602200	20955
339482	47389
476340	362250
500408	383615
120110	318344
554093	164318
373865	164129
428383	464355
579853	477551
691127	575802
336888	355485
385301	110679
404107	249672
684022	304794
974040	621738
296968	517022
563476	204143
316403	322035
383299	275736
553947	18568
688240	N/A
1000833	303173
800352	16669
794126	786489
366051	374349
1668428	716862
622504	410125
982066	729942
791585	365565
761378	611367
792147	517561
824370	12124
899497	575769
935091	434540
380939	277799
328770	125527
735053	300857
1081381	536236
591500	36088
710567	569482
403977	261968
937831	485800
1414586	452840
392279	529183
964194	445635
280584	N/A
578872	46020
423415	481517
609374	417165
789458	453043
405093	193508
641753	1032485
850835	593321
434247	221016
915882	509429
537191	176543
892072	485490
477093	318199
976760	390601
308629	415391
914257	764484
840013	55174
453672	454387
489907	131671
973395	687115
677001	551302
1029345	646320
853859	868762
915323	27068
557767	791252
390789	196747
911584	694030
516287	N/A
437045	374178
481104	519777
857265	11128
462697	322391
1251411	705971
381027	512730
444706	143856
652024	175908
690008	12898
448214	329435
647238	289876
406510	321275
423397	471280
774588	398971
644859	432741
389765	975907
621343	13698
431632	178954
611905	264076
460960	348931
605266	726213
528022	398640
1051897	733338
696295	234733
1334364	684902
419249	274134
472316	62929
745801	627005
382238	327841
1007837	474048
574164	156963
767973	592787
550708	320016
630716	327176
766864	309508
798976	649663
235021	326071
614311	494831
391150	395234
843813	692547
730533	302033
715260	354961
424597	59071
818925	603903
395705	265038
724404	750665
603384	491540
945773	289081
651824	503472
1161279	571628
560339	29877
302756	13034
565990	113712
658563	27797
397042	289377
312965	177118
380436	468877
400462	366065
600115	862148
2181461	458449
860163	649384
406559	440862
825722	448762
489619	147443
576282	379340
799376	20803
865873	636786
761715	599889
825394	601452
295465	592762
861332	678614
835664	631217
825203	439123
363546	204937
399607	N/A
787292	657804
383593	270781
614151	300419
369856	398158
198109	287222
718771	643941
675788	358629
900549	628470
836656	519938
534790	546008
883285	632286
440040	144426
803293	449696
951892	719176
371057	500555
1127106	533300
873381	648747
1046832	261453
821812	672783
812119	184067
498970	327800
512671	48680
886262	485813
1020856	712144
419460	407564
645938	508160
363671	272480
796903	803497
517218	26947
766145	592641
809432	550533
823832	316381
779717	546516
352654	760806
716210	566042
583947	466971
1385049	490451
536945	368603
368128	357790
1082594	425975
883577	258073
421530	335033
530411	120223
460951	25693
485883	200491
385904	426394
892922	598085
483363	326197
681520	891649
632489	668040
452925	407688
676610	364019
355375	62581
533003	19921
775163	312374
814161	669337
403502	271011
1351774	448845
926837	683292
469504	233356
772903	22765
428101	38862
1040101	708484
1268868	893626
406071	29277
426497	465345
592666	212585
545979	531366
780093	391967
343869	232264
511371	522357
825034	763927
1330840	346177
806640	17974
669810	749440
1440174	362989
689320	324199
326042	360322
595755	650112
694035	597921
462963	410976
484140	286545
713301	374972
363563	318046
333724	256907
526725	389765
437340	238692
810666	686717
882004	419339
695196	567039
338190	317297
414468	346407
322400	357027
312156	157391
292354	N/A
357494	376175
