11
7
11
17
4
9
8
4
15
6
8
9
11
7
6
12
3
4
5
6
7
20
16
10
11
4
11
12
8
10
12
11
3
6
7
11
4
10
6
8
6
11
3
10
7
8
18
7
8
4
13
6
8
9
11
10
4
17
5
4
9
2
10
11
12
7
8
9
8
10
11
14
7
13
5
7
8
5
16
11
8
13
8
8
8
13
10
4
10
11
8
8
13
13
7
13
12
7
10
9
3
12
9
5
13
5
15
8
9
13
12
3
5
15
11
9
12
9
9
9
9
11
8
15
6
10
3
11
7
9
6
8
11
13
10
11
6
9
7
16
11
9
10
7
8
16
14
11
12
8
11
7
8
14
2
11
8
8
5
7
10
8
14
10
9
9
8
9
11
11
2
8
8
11
8
7
12
11
18
5
4
8
8
10
1
5
9
6
4
7
2
23
7
8
9
11
13
6
13
8
11
8
1
8
6
15
14
13
9
4
19
12
6
4
14
9
8
5
4
7
5
13
10
6
8
2
11
14
9
7
9
10
9
6
6
6
9
6
10
9
14
13
3
5
5
4
4
12
10
12
9
3
5
6
10
17
10
12
10
9
14
5
10
7
6
4
14
1
9
11
2
5
8
12
16
8
11
10
7
14
5
13
4
7
3
7
9
9
14
15
7
11
6
12
15
9
8
5
8
13
6
8
4
17
9
6
11
3
3
4
10
6
9
6
6
6
9
7
8
10
9
6
9
9
7
12
9
10
7
12
10
14
9
11
9
10
4
11
15
9
14
3
10
11
12
8
12
11
11
13
4
8
8
10
10
9
5
13
6
14
8
8
6
10
4
17
2
6
8
10
8
11
11
12
11
11
10
15
9
16
8
10
4
2
4
2
9
14
8
7
11
5
6
3
12
7
13
17
7
10
11
9
14
6
14
11
7
7
12
11
9
1
9
10
12
7
10
5
5
8
12
9
8
11
11
12
5
9
6
10
3
9
14
3
8
15
8
9
10
6
4
7
10
5
8
6
13
7
4
10
10
4
4
13
5
12
6
9
6
10
8
7
10
3
7
9
8
8
8
3
6
13
2
12
10
7
17
2
4
9
4
10
5
10
1
3
6
4
10
10
2
3
9
3
11
12
10
10
7
6
5
12
12
10
7
10
4
10
6
6
10
6
5
6
9
13
10
12
10
11
11
8
10
7
11
11
11
10
5
8
12
8
10
8
9
8
7
5
6
1
8
6
8
4
7
9
11
2
7
12
12
14
9
7
15
8
13
4
6
6
7
5
6
4
2
7
11
11
3
4
4
7
9
9
4
8
8
8
10
13
7
12
2
9
7
5
8
1
10
9
9
15
14
11
11
8
13
1
7
13
10
10
10
4
5
10
12
6
3
14
6
14
16
8
10
5
8
3
6
7
8
3
10
3
5
7
3
8
14
1
9
10
11
10
8
13
5
6
7
14
4
2
7
15
9
11
6
9
2
5
17
8
13
13
8
12
3
3
5
8
11
7
8
10
12
8
17
10
6
11
7
10
9
2
13
13
7
11
4
15
11
9
4
8
7
5
13
8
9
4
5
13
