4
9
3
7
10
19
25
14
21
9
10
22
22
6
16
9
13
13
16
18
13
18
14
11
13
7
21
8
13
12
13
19
11
12
11
17
18
14
12
15
13
15
12
15
18
11
17
15
11
19
16
17
15
18
13
9
20
12
13
18
14
14
9
13
18
9
16
3
3
13
20
12
16
14
12
4
14
14
19
13
20
8
16
11
15
21
11
18
19
14
15
11
9
15
14
17
13
9
16
16
14
6
10
8
7
18
15
6
10
21
19
4
20
10
6
14
8
13
16
11
8
6
21
9
17
19
10
16
13
11
13
13
10
12
17
17
8
10
17
11
13
14
13
16
10
14
16
18
15
11
14
20
2
26
21
8
20
9
24
14
17
15
19
20
16
14
16
12
12
2
17
7
11
17
9
5
17
15
20
15
12
15
13
2
18
15
12
4
6
9
19
16
20
17
8
12
9
20
8
6
10
9
11
10
14
6
15
14
9
8
13
16
9
18
17
13
10
21
13
17
22
20
17
14
13
15
12
15
5
8
4
14
15
15
19
17
19
14
14
18
15
16
10
19
5
11
3
4
11
7
7
14
8
12
15
10
16
17
13
14
14
15
9
12
14
10
18
9
18
14
11
5
18
18
15
10
20
5
10
7
19
10
8
2
14
7
10
13
11
13
12
18
13
22
15
13
14
6
10
13
11
23
23
1
10
9
15
19
10
12
20
11
10
24
10
14
13
11
17
14
13
12
19
25
9
15
9
12
14
9
3
19
12
15
12
15
18
12
15
8
8
17
12
16
15
21
16
7
6
2
16
13
7
16
19
9
20
14
5
15
8
15
8
19
9
9
6
11
16
16
11
8
3
17
9
2
24
17
13
18
9
10
12
17
15
16
3
17
8
21
17
18
17
16
25
14
10
10
16
7
1
20
12
13
10
11
4
13
18
1
14
22
16
14
7
15
20
15
26
18
12
10
17
4
16
12
11
11
13
11
13
18
17
12
9
10
12
14
12
16
10
15
16
9
17
12
10
16
13
12
20
5
11
10
13
15
12
13
12
14
12
11
11
11
9
16
24
19
12
16
10
18
12
6
4
15
18
8
15
15
5
11
19
10
14
14
13
9
21
19
8
2
12
4
4
4
14
3
7
16
9
15
15
15
16
11
14
23
28
13
18
6
20
17
13
16
14
12
15
11
2
13
17
14
7
25
7
22
11
6
25
13
9
12
12
8
7
14
9
17
17
9
11
11
4
12
6
13
12
10
21
9
7
5
12
13
7
11
12
6
14
15
14
10
15
12
22
11
3
16
18
18
19
24
15
14
13
10
23
1
8
14
3
19
14
7
14
2
12
13
8
16
5
2
21
14
23
19
8
14
15
11
12
9
11
11
11
10
11
15
9
10
17
13
12
17
10
12
4
12
13
26
9
15
12
11
3
21
11
11
12
17
25
19
25
14
9
16
19
19
16
12
9
17
14
14
9
28
15
10
56
9
7
5
22
10
6
14
14
8
2
19
7
12
15
16
7
9
13
21
13
14
2
16
16
11
13
24
14
25
23
15
9
19
6
12
26
8
11
14
12
13
21
13
9
15
10
6
17
10
15
15
14
7
17
14
4
17
10
19
18
25
16
14
1
13
3
19
8
11
4
19
20
10
19
18
23
13
5
9
19
10
9
35
10
4
1
19
11
18
17
23
8
20
21
14
11
25
14
10
15
22
25
4
16
11
4
14
3
15
14
17
27
14
19
25
29
14
20
23
20
12
2
18
30
19
19
11
12
18
6
14
9
10
19
17
29
9
15
16
12
13
23
19
7
19
1
8
20
12
14
29
25
11
11
8
6
4
9
16
13
19
10
8
11
5
18
20
16
40
30
13
18
13
9
19
6
28
18
17
12
13
19
8
20
9
21
14
