13
15
11
10
14
15
17
13
13
13
12
12
9
11
15
15
18
18
17
7
9
13
13
17
8
15
3
17
11
18
11
14
21
12
16
14
15
15
10
1
5
14
9
16
4
9
4
9
10
15
11
13
11
12
19
11
13
13
11
7
9
17
8
9
3
20
13
11
14
10
19
16
9
20
22
11
13
10
14
19
16
14
12
5
14
18
16
17
12
10
20
15
17
19
15
14
11
12
16
17
9
8
12
16
18
18
11
13
17
14
4
20
18
18
15
7
15
13
12
14
13
6
8
13
18
19
15
22
10
13
12
16
12
11
13
10
24
23
2
12
13
11
14
12
7
11
6
22
7
22
9
14
14
14
14
17
13
17
11
11
12
13
13
18
13
8
18
13
11
14
11
13
11
9
7
10
8
14
14
9
11
5
9
21
19
21
17
10
21
14
2
17
5
10
12
14
15
25
22
16
13
14
10
9
13
13
10
16
13
15
13
15
18
23
13
14
13
8
16
10
13
12
9
21
15
18
9
5
15
18
5
14
16
11
19
12
11
17
12
12
20
15
6
13
14
13
12
14
11
14
11
10
13
10
8
30
6
15
9
16
18
12
20
11
22
16
9
13
11
25
14
19
17
18
13
9
7
9
15
10
18
17
16
16
10
9
15
6
13
12
13
12
19
19
21
11
5
16
25
10
12
20
13
5
21
15
7
5
13
8
13
16
8
7
5
12
13
13
18
13
17
13
17
18
7
15
14
15
8
12
15
10
5
22
3
13
8
12
15
11
7
11
10
7
15
14
11
24
8
17
16
12
14
8
17
12
13
9
5
23
13
10
3
11
22
11
21
14
8
10
14
15
13
15
20
7
13
18
12
3
13
17
16
16
17
15
10
8
13
7
8
12
9
10
11
2
18
8
9
15
3
18
24
7
14
9
12
13
24
7
6
12
27
14
10
5
13
16
12
14
14
11
9
12
21
11
15
12
25
14
8
9
15
17
12
23
14
10
14
16
8
10
8
7
18
13
10
14
11
12
6
20
17
22
14
13
5
9
11
16
11
7
20
13
13
6
13
11
14
23
3
15
11
15
11
9
14
27
9
13
13
11
19
3
12
11
8
7
9
22
13
10
13
9
17
13
13
8
16
16
13
11
11
17
13
15
17
23
13
10
17
3
11
17
11
12
2
14
13
14
11
16
21
15
22
10
7
13
10
13
9
13
9
19
14
13
10
12
10
17
12
14
20
17
15
15
11
16
11
15
16
14
21
14
21
14
25
14
6
9
19
8
27
14
25
16
13
19
11
13
21
8
7
12
11
8
15
9
16
15
14
13
14
15
11
13
14
16
13
13
15
17
18
9
9
17
22
11
17
14
12
12
11
13
9
9
21
11
14
16
12
19
7
18
10
16
19
15
9
12
11
18
4
19
13
19
9
14
5
10
13
16
10
11
11
16
10
21
9
17
14
15
15
17
11
13
15
2
16
17
11
11
5
10
7
8
17
6
6
6
19
15
10
13
9
13
8
17
13
16
16
21
11
13
20
14
11
10
9
9
19
19
19
10
11
10
17
13
15
7
13
11
5
12
14
7
12
14
11
19
22
11
20
16
16
17
17
16
17
12
18
17
10
11
13
12
17
11
10
8
22
15
11
12
10
10
17
13
15
17
10
13
15
10
9
16
16
6
11
4
10
15
14
7
12
15
7
10
12
14
14
12
8
9
11
13
11
20
24
2
19
10
11
15
6
9
9
8
13
17
15
14
18
14
10
9
6
13
14
8
9
14
12
16
23
12
10
12
9
13
5
15
13
9
13
17
5
27
16
16
24
11
12
13
6
14
11
14
11
12
21
5
12
12
15
2
21
14
16
10
11
9
13
10
10
13
16
13
16
15
4
10
8
17
13
16
8
20
20
17
6
19
12
13
15
12
7
15
9
15
13
9
13
14
14
14
12
14
18
14
16
16
22
11
17
15
10
15
14
6
15
9
13
22
15
4
9
12
16
18
19
4
18
11
8
15
14
24
11
24
15
20
13
9
15
6
11
14
18
12
18
15
7
7
12
12
9
13
7
7
15
9
16
12
14
14
11
10
9
12
12
11
15
15
11
11
13
7
13
13
12
15
16
4
11
15
15
16
9
14
12
12
11
8
16
10
15
5
13
5
6
17
22
19
23
16
18
14
12
13
11
12
12
14
27
13
13
14
6
17
13
17
10
13
8
22
9
17
13
15
15
9
12
24
22
15
8
6
9
12
14
12
10
9
11
8
7
4
9
12
20
26
20
12
12
14
14
8
20
15
10
15
9
14
14
16
12
17
18
20
12
10
22
14
15
9
17
13
18
23
12
19
9
7
9
12
15
18
9
20
11
7
9
20
14
13
14
16
12
15
13
14
9
5
13
11
20
13
14
9
9
13
13
17
17
12
11
7
15
14
18
13
9
13
18
12
18
12
12
